221
221
221
218
218
218
218
218
221
221
221
221
221
221
220
220
220
220
220
224
224
224
224
224
212
212
212
212
212
212
215
215
215
215
215
220
220
220
220
220
215
215
215
215
215
215
222
222
222
222
222
217
217
217
217
217
217
217
217
217
217
217
216
216
216
216
216
211
211
211
211
211
221
221
221
221
221
221
215
215
215
215
215
216
216
216
216
216
221
221
221
221
221
221
224
224
224
224
224
221
221
221
221
221
211
211
211
211
211
211
224
224
224
224
224
224
224
224
224
224
217
217
217
217
217
217
216
216
216
216
216
226
226
226
226
226
213
213
213
213
213
213
217
217
217
217
217
218
218
218
218
218
227
227
227
227
227
227
219
219
219
219
219
213
213
213
213
213
222
222
222
222
222
222
214
214
214
214
214
217
217
217
217
217
218
218
218
218
218
218
223
223
223
223
223
217
217
217
217
217
219
219
219
219
219
219
219
219
219
219
219
215
215
215
215
215
222
222
222
222
222
222
212
212
212
212
212
230
230
230
230
230
227
227
227
227
227
227
225
225
225
225
225
215
215
215
215
215
218
218
218
218
218
218
220
220
220
220
220
222
222
222
222
222
218
218
218
218
218
218
215
215
215
215
215
220
220
220
220
220
212
212
212
212
212
212
218
218
218
218
218
221
221
221
221
221
227
227
227
227
227
227
221
221
221
221
221
209
209
209
209
209
231
231
231
231
231
231
212
212
212
212
212
219
219
219
219
219
216
216
216
216
216
216
225
225
225
225
225
225
225
225
225
225
220
220
220
220
220
220
224
224
224
224
224
217
217
217
217
217
224
224
224
224
224
224
226
226
226
226
226
222
222
222
222
222
222
222
222
222
222
222
223
223
223
223
223
224
224
224
224
224
229
229
229
229
229
229
219
219
219
219
219
219
219
219
219
219
222
222
222
222
222
222
217
217
217
217
217
217
217
217
217
217
226
226
226
226
226
226
230
230
230
230
230
221
221
221
221
221
226
226
226
226
226
226
217
217
217
217
217
216
216
216
216
216
219
219
219
219
219
219
229
229
229
229
229
221
221
221
221
221
218
218
218
218
218
218
216
216
216
216
216
218
218
218
218
218
220
220
220
220
220
220
225
225
225
225
225
225
225
225
225
225
225
225
225
225
225
225
214
214
214
214
214
220
220
220
220
220
225
225
225
225
225
225
224
224
224
224
224
225
225
225
225
225
222
222
222
222
222
222
222
222
222
222
222
224
224
224
224
224
227
227
227
227
227
227
221
221
221
221
221
217
217
217
217
217
227
227
227
227
227
227
220
220
220
220
220
224
224
224
224
224
217
217
217
217
217
217
225
225
225
225
225
221
221
221
221
221
216
216
216
216
216
216
215
215
215
215
215
221
221
221
221
221
223
223
223
223
223
223
222
222
222
222
222
225
225
225
225
225
224
224
224
224
224
224
226
226
226
226
226
227
227
227
227
227
222
222
222
222
222
222
222
222
222
222
222
224
224
224
224
224
228
228
228
228
228
228
221
221
221
221
221
225
225
225
225
225
225
225
225
225
225
225
220
220
220
220
220
219
219
219
219
219
224
224
224
224
224
224
218
218
218
218
218
218
218
218
218
218
228
228
228
228
228
228
222
222
222
222
222
220
220
220
220
220
219
219
219
219
219
219
225
225
225
225
225
223
223
223
223
223
217
217
217
217
217
217
229
229
229
229
229
227
227
227
227
227
230
230
230
230
230
230
218
218
218
218
218
230
230
230
230
230
231
231
231
231
231
231
222
222
222
222
222
230
230
230
230
230
220
220
220
220
220
220
226
226
226
226
226
223
223
223
223
223
227
227
227
227
227
227
223
223
223
223
223
230
230
230
230
230
224
224
224
224
224
224
225
225
225
225
225
221
221
221
221
221
227
227
227
227
227
227
222
222
222
222
222
226
226
226
226
226
224
224
224
224
224
224
228
228
228
228
228
221
221
221
221
221
223
223
223
223
223
223
225
225
225
225
225
230
230
230
230
230
225
225
225
225
225
225
228
228
228
228
228
223
223
223
223
223
224
224
224
224
224
224
221
221
221
221
221
227
227
227
227
227
224
224
224
224
224
224
224
224
224
224
224
225
225
225
225
225
223
223
223
223
223
223
219
219
219
219
219
228
228
228
228
228
226
226
226
226
226
226
224
224
224
224
224
222
222
222
222
222
234
234
234
234
234
234
224
224
224
224
224
227
227
227
227
227
227
227
227
227
227
227
224
224
224
224
224
229
229
229
229
229
225
225
225
225
225
225
239
239
239
239
239
223
223
223
223
223
225
225
225
225
225
225
226
226
226
226
226
216
216
216
216
216
229
229
229
229
229
229
214
214
214
214
214
229
229
229
229
229
225
225
225
225
225
225
220
220
220
220
220
226
226
226
226
226
222
222
222
222
222
222
228
228
228
228
228
227
227
227
227
227
221
221
221
221
221
221
228
228
228
228
228
233
233
233
233
233
220
220
220
220
220
220
226
226
226
226
226
225
225
225
225
225
225
225
225
225
225
225
230
230
230
230
230
240
240
240
240
240
226
226
226
226
226
226
225
225
225
225
225
223
223
223
223
223
239
239
239
239
239
239
233
233
233
233
233
233
233
233
233
233
228
228
228
228
228
228
232
232
232
232
232
229
229
229
229
229
237
237
237
237
237
237
230
230
230
230
230
236
236
236
236
236
229
229
229
229
229
229
237
237
237
237
237
231
231
231
231
231
227
227
227
227
227
227
232
232
232
232
232
232
232
232
232
232
231
231
231
231
231
231
232
232
232
232
232
239
239
239
239
239
233
233
233
233
233
233
239
239
239
239
239
234
234
234
234
234
235
235
235
235
235
235
231
231
231
231
231
232
232
232
232
232
232
232
232
232
232
232
248
248
248
248
248
231
231
231
231
231
238
238
238
238
238
238
233
233
233
233
233
237
237
237
237
237
238
238
238
238
238
238
238
238
238
238
238
243
243
243
243
243
237
237
237
237
237
237
235
235
235
235
235
234
234
234
234
234
239
239
239
239
239
239
238
238
238
238
238
239
239
239
239
239
237
237
237
237
237
237
246
246
246
246
246
230
230
230
230
230
233
233
233
233
233
233
242
242
242
242
242
240
240
240
240
240
238
238
238
238
238
238
237
237
237
237
237
245
245
245
245
245
241
241
241
241
241
241
241
241
241
241
241
240
240
240
240
240
243
243
243
243
243
243
247
247
247
247
247
240
240
240
240
240
247
247
247
247
247
247
241
241
241
241
241
257
257
257
257
257
238
238
238
238
238
238
247
247
247
247
247
253
253
253
253
253
243
243
243
243
243
243
253
253
253
253
253
240
240
240
240
240
251
251
251
251
251
251
247
247
247
247
247
243
243
243
243
243
248
248
248
248
248
248
253
253
253
253
253
251
251
251
251
251
248
248
248
248
248
248
250
250
250
250
250
256
256
256
256
256
259
259
259
259
259
259
248
248
248
248
248
264
264
264
264
264
241
241
241
241
241
241
250
250
250
250
250
241
241
241
241
241
244
244
244
244
244
244
256
256
256
256
256
249
249
249
249
249
261
261
261
261
261
261
255
255
255
255
255
263
263
263
263
263
255
255
255
255
255
255
243
243
243
243
243
261
261
261
261
261
257
257
257
257
257
257
250
250
250
250
250
236
236
236
236
236
256
256
256
256
256
256
249
249
249
249
249
243
243
243
243
243
250
250
250
250
250
250
237
237
237
237
237
256
256
256
256
256
244
244
244
244
244
244
238
238
238
238
238
231
231
231
231
231
231
231
231
231
231
231
234
234
234
234
234
216
216
216
216
216
221
221
221
221
221
221
227
227
227
227
227
208
208
208
208
208
209
209
209
209
209
209
201
201
201
201
201
197
197
197
197
197
190
190
190
190
190
190
188
188
188
188
188
195
195
195
195
195
192
192
192
192
192
192
189
189
189
189
189
194
194
194
194
194
185
185
185
185
185
185
193
193
193
193
193
186
186
186
186
186
187
187
187
187
187
187
189
189
189
189
189
183
183
183
183
183
181
181
181
181
181
181
186
186
186
186
186
179
179
179
179
179
182
182
182
182
182
182
176
176
176
176
176
188
188
188
188
188
193
193
193
193
193
193
226
226
226
226
226
443
443
443
443
443
2270
2270
2270
2270
2270
2270
4095
4095
4095
4095
4095
4095
4095
4095
4095
4095
4095
4095
4095
4095
4095
4095
4095
4095
4095
4095
4095
4095
4095
4095
4095
4095
4095
4095
4095
4095
4095
4095
4095
4095
4095
4095
4095
2579
2579
2579
2579
2579
595
595
595
595
595
595
218
218
218
218
218
186
186
186
186
186
170
170
170
170
170
170
174
174
174
174
174
171
171
171
171
171
175
175
175
175
175
175
173
173
173
173
173
175
175
175
175
175
183
183
183
183
183
183
188
188
188
188
188
197
197
197
197
197
207
207
207
207
207
207
226
226
226
226
226
247
247
247
247
247
254
254
254
254
254
254
264
264
264
264
264
234
234
234
234
234
218
218
218
218
218
218
198
198
198
198
198
198
198
198
198
198
186
186
186
186
186
186
190
190
190
190
190
190
190
190
190
190
194
194
194
194
194
194
197
197
197
197
197
206
206
206
206
206
217
217
217
217
217
217
233
233
233
233
233
245
245
245
245
245
272
272
272
272
272
272
312
312
312
312
312
324
324
324
324
324
322
322
322
322
322
322
303
303
303
303
303
292
292
292
292
292
270
270
270
270
270
270
248
248
248
248
248
254
254
254
254
254
249
249
249
249
249
249
252
252
252
252
252
244
244
244
244
244
262
262
262
262
262
262
306
306
306
306
306
364
364
364
364
364
516
516
516
516
516
516
805
805
805
805
805
1163
1163
1163
1163
1163
1548
1548
1548
1548
1548
1548
1908
1908
1908
1908
1908
2195
2195
2195
2195
2195
2421
2421
2421
2421
2421
2421
2516
2516
2516
2516
2516
2554
2554
2554
2554
2554
2423
2423
2423
2423
2423
2423
2166
2166
2166
2166
2166
1836
1836
1836
1836
1836
1480
1480
1480
1480
1480
1480
1116
1116
1116
1116
1116
804
804
804
804
804
575
575
575
575
575
575
474
474
474
474
474
431
431
431
431
431
410
410
410
410
410
410
419
419
419
419
419
430
430
430
430
430
433
433
433
433
433
433
458
458
458
458
458
476
476
476
476
476
444
444
444
444
444
444
495
495
495
495
495
462
462
462
462
462
460
460
460
460
460
460
436
436
436
436
436
416
416
416
416
416
380
380
380
380
380
380
316
316
316
316
316
309
309
309
309
309
269
269
269
269
269
269
261
261
261
261
261
252
252
252
252
252
236
236
236
236
236
236
245
245
245
245
245
248
248
248
248
248
255
255
255
255
255
255
276
276
276
276
276
270
270
270
270
270
293
293
293
293
293
293
279
279
279
279
279
268
268
268
268
268
255
255
255
255
255
255
235
235
235
235
235
234
234
234
234
234
236
236
236
236
236
236
223
223
223
223
223
238
238
238
238
238
229
229
229
229
229
229
240
240
240
240
240
259
259
259
259
259
274
274
274
274
274
274
301
301
301
301
301
340
340
340
340
340
369
369
369
369
369
369
398
398
398
398
398
371
371
371
371
371
324
324
324
324
324
324
302
302
302
302
302
265
265
265
265
265
249
249
249
249
249
249
224
224
224
224
224
224
224
224
224
224
216
216
216
216
216
216
212
212
212
212
212
206
206
206
206
206
215
215
215
215
215
215
224
224
224
224
224
224
224
224
224
224
221
221
221
221
221
221
231
231
231
231
231
239
239
239
239
239
237
237
237
237
237
237
250
250
250
250
250
246
246
246
246
246
243
243
243
243
243
243
239
239
239
239
239
228
228
228
228
228
226
226
226
226
226
226
228
228
228
228
228
225
225
225
225
225
219
219
219
219
219
219
221
221
221
221
221
215
215
215
215
215
220
220
220
220
220
220
217
217
217
217
217
216
216
216
216
216
218
218
218
218
218
218
221
221
221
221
221
219
219
219
219
219
226
226
226
226
226
226
224
224
224
224
224
223
223
223
223
223
217
217
217
217
217
217
221
221
221
221
221
220
220
220
220
220
220
220
220
220
220
220
216
216
216
216
216
214
214
214
214
214
217
217
217
217
217
217
205
205
205
205
205
206
206
206
206
206
209
209
209
209
209
209
201
201
201
201
201
207
207
207
207
207
205
205
205
205
205
205
201
201
201
201
201
199
199
199
199
199
197
197
197
197
197
197
191
191
191
191
191
195
195
195
195
195
196
196
196
196
196
196
195
195
195
195
195
191
191
191
191
191
199
199
199
199
199
199
199
199
199
199
199
196
196
196
196
196
200
200
200
200
200
200
196
196
196
196
196
201
201
201
201
201
209
209
209
209
209
209
201
201
201
201
201
198
198
198
198
198
205
205
205
205
205
205
200
200
200
200
200
201
201
201
201
201
197
197
197
197
197
197
196
196
196
196
196
193
193
193
193
193
201
201
201
201
201
201
196
196
196
196
196
198
198
198
198
198
197
197
197
197
197
197
197
197
197
197
197
197
197
197
197
197
200
200
200
200
200
200
201
201
201
201
201
198
198
198
198
198
198
198
198
198
198
198
198
198
198
198
198
198
198
198
198
198
203
203
203
203
203
203
196
196
196
196
196
198
198
198
198
198
190
190
190
190
190
190
194
194
194
194
194
191
191
191
191
191
193
193
193
193
193
193
195
195
195
195
195
192
192
192
192
192
193
193
193
193
193
193
192
192
192
192
192
190
190
190
190
190
200
200
200
200
200
200
202
202
202
202
202
197
197
197
197
197
202
202
202
202
202
202
205
205
205
205
205
205
205
205
205
205
203
203
203
203
203
203
198
198
198
198
198
201
201
201
201
201
196
196
196
196
196
196
199
199
199
199
199
191
191
191
191
191
201
201
201
201
201
201
193
193
193
193
193
199
199
199
199
199
193
193
193
193
193
193
204
204
204
204
204
205
205
205
205
205
201
201
201
201
201
201
207
207
207
207
207
206
206
206
206
206
199
199
199
199
199
199
210
210
210
210
210
206
206
206
206
206
210
210
210
210
210
210
199
199
199
199
199
206
206
206
206
206
208
208
208
208
208
208
204
204
204
204
204
203
203
203
203
203
205
205
205
205
205
205
202
202
202
202
202
207
207
207
207
207
199
199
199
199
199
199
201
201
201
201
201
202
202
202
202
202
208
208
208
208
208
208
201
201
201
201
201
205
205
205
205
205
203
203
203
203
203
203
211
211
211
211
211
200
200
200
200
200
205
205
205
205
205
205
210
210
210
210
210
208
208
208
208
208
209
209
209
209
209
209
212
212
212
212
212
213
213
213
213
213
204
204
204
204
204
204
207
207
207
207
207
211
211
211
211
211
209
209
209
209
209
209
213
213
213
213
213
209
209
209
209
209
208
208
208
208
208
208
213
213
213
213
213
208
208
208
208
208
211
211
211
211
211
211
217
217
217
217
217
216
216
216
216
216
214
214
214
214
214
214
218
218
218
218
218
214
214
214
214
214
215
215
215
215
215
215
214
214
214
214
214
220
220
220
220
220
219
219
219
219
219
219
220
220
220
220
220
217
217
217
217
217
227
227
227
227
227
227
220
220
220
220
220
226
226
226
226
226
213
213
213
213
213
213
221
221
221
221
221
226
226
226
226
226
219
219
219
219
219
219
223
223
223
223
223
214
214
214
214
214
220
220
220
220
220
220
229
229
229
229
229
233
233
233
233
233
227
227
227
227
227
227
227
227
227
227
227
230
230
230
230
230
239
239
239
239
239
239
231
231
231
231
231
238
238
238
238
238
225
225
225
225
225
225
224
224
224
224
224
222
222
222
222
222
219
219
219
219
219
219
218
218
218
218
218
220
220
220
220
220
221
221
221
221
221
221
222
222
222
222
222
231
231
231
231
231
229
229
229
229
229
229
230
230
230
230
230
229
229
229
229
229
227
227
227
227
227
227
239
239
239
239
239
237
237
237
237
237
239
239
239
239
239
239
231
231
231
231
231
242
242
242
242
242
225
225
225
225
225
225
229
229
229
229
229
224
224
224
224
224
222
222
222
222
222
222
226
226
226
226
226
221
221
221
221
221
226
226
226
226
226
226
230
230
230
230
230
232
232
232
232
232
227
227
227
227
227
227
234
234
234
234
234
229
229
229
229
229
237
237
237
237
237
237
239
239
239
239
239
241
241
241
241
241
229
229
229
229
229
229
246
246
246
246
246
229
229
229
229
229
229
229
229
229
229
229
228
228
228
228
228
224
224
224
224
224
229
229
229
229
229
229
224
224
224
224
224
235
235
235
235
235
225
225
225
225
225
225
232
232
232
232
232
238
238
238
238
238
227
227
227
227
227
227
231
231
231
231
231
230
230
230
230
230
233
233
233
233
233
233
227
227
227
227
227
237
237
237
237
237
252
252
252
252
252
252
242
242
242
242
242
239
239
239
239
239
235
235
235
235
235
235
248
248
248
248
248
252
252
252
252
252
264
264
264
264
264
264
255
255
255
255
255
257
257
257
257
257
261
261
261
261
261
261
256
256
256
256
256
251
251
251
251
251
251
251
251
251
251
251
254
254
254
254
254
267
267
267
267
267
265
265
265
265
265
265
282
282
282
282
282
277
277
277
277
277
288
288
288
288
288
288
288
288
288
288
288
299
299
299
299
299
279
279
279
279
279
279
282
282
282
282
282
276
276
276
276
276
273
273
273
273
273
273
267
267
267
267
267
253
253
253
253
253
247
247
247
247
247
247
243
243
243
243
243
261
261
261
261
261
265
265
265
265
265
265
255
255
255
255
255
270
270
270
270
270
268
268
268
268
268
268
283
283
283
283
283
284
284
284
284
284
285
285
285
285
285
285
276
276
276
276
276
266
266
266
266
266
269
269
269
269
269
269
261
261
261
261
261
263
263
263
263
263
247
247
247
247
247
247
257
257
257
257
257
237
237
237
237
237
240
240
240
240
240
240
242
242
242
242
242
251
251
251
251
251
245
245
245
245
245
245
252
252
252
252
252
245
245
245
245
245
256
256
256
256
256
256
252
252
252
252
252
251
251
251
251
251
251
251
251
251
251
251
259
259
259
259
259
253
253
253
253
253
240
240
240
240
240
240
254
254
254
254
254
246
246
246
246
246
228
228
228
228
228
228
235
235
235
235
235
232
232
232
232
232
240
240
240
240
240
240
235
235
235
235
235
228
228
228
228
228
228
228
228
228
228
228
235
235
235
235
235
227
227
227
227
227
239
239
239
239
239
239
233
233
233
233
233
235
235
235
235
235
231
231
231
231
231
231
241
241
241
241
241
233
233
233
233
233
238
238
238
238
238
238
237
237
237
237
237
235
235
235
235
235
228
228
228
228
228
228
240
240
240
240
240
227
227
227
227
227
225
225
225
225
225
225
223
223
223
223
223
227
227
227
227
227
231
231
231
231
231
231
226
226
226
226
226
222
222
222
222
222
229
229
229
229
229
229
225
225
225
225
225
227
227
227
227
227
221
221
221
221
221
221
225
225
225
225
225
222
222
222
222
222
216
216
216
216
216
216
218
218
218
218
218
220
220
220
220
220
218
218
218
218
218
218
223
223
223
223
223
211
211
211
211
211
215
215
215
215
215
215
215
215
215
215
215
206
206
206
206
206
218
218
218
218
218
218
221
221
221
221
221
210
210
210
210
210
215
215
215
215
215
215
216
216
216
216
216
216
216
216
216
216
206
206
206
206
206
206
210
210
210
210
210
203
203
203
203
203
211
211
211
211
211
211
224
224
224
224
224
200
200
200
200
200
212
212
212
212
212
212
212
212
212
212
212
203
203
203
203
203
219
219
219
219
219
219
218
218
218
218
218
216
216
216
216
216
216
216
216
216
216
216
214
214
214
214
214
204
204
204
204
204
213
213
213
213
213
213
205
205
205
205
205
202
202
202
202
202
205
205
205
205
205
205
204
204
204
204
204
198
198
198
198
198
201
201
201
201
201
201
200
200
200
200
200
194
194
194
194
194
198
198
198
198
198
198
201
201
201
201
201
202
202
202
202
202
196
196
196
196
196
196
203
203
203
203
203
200
200
200
200
200
199
199
199
199
199
199
198
198
198
198
198
203
203
203
203
203
202
202
202
202
202
202
193
193
193
193
193
206
206
206
206
206
198
198
198
198
198
198
210
210
210
210
210
203
203
203
203
203
210
210
210
210
210
210
203
203
203
203
203
208
208
208
208
208
203
203
203
203
203
203
210
210
210
210
210
213
213
213
213
213
202
202
202
202
202
202
202
202
202
202
202
202
202
202
202
202
206
206
206
206
206
206
212
212
212
212
212
208
208
208
208
208
202
202
202
202
202
202
208
208
208
208
208
202
202
202
202
202
209
209
209
209
209
209
206
206
206
206
206
201
201
201
201
201
215
215
215
215
215
215
213
213
213
213
213
218
218
218
218
218
217
217
217
217
217
217
216
216
216
216
216
219
219
219
219
219
214
214
214
214
214
214
217
217
217
217
217
205
205
205
205
205
218
218
218
218
218
218
215
215
215
215
215
221
221
221
221
221
218
218
218
218
218
218
213
213
213
213
213
225
225
225
225
225
212
212
212
212
212
212
219
219
219
219
219
213
213
213
213
213
215
215
215
215
215
215
214
214
214
214
214
213
213
213
213
213
215
215
215
215
215
215
222
222
222
222
222
221
221
221
221
221
221
221
221
221
221
221
213
213
213
213
213
224
224
224
224
224
211
211
211
211
211
211
223
223
223
223
223
221
221
221
221
221
230
230
230
230
230
230
216
216
216
216
216
231
231
231
231
231
227
227
227
227
227
227
229
229
229
229
229
226
226
226
226
226
232
232
232
232
232
232
223
223
223
223
223
231
231
231
231
231
226
226
226
226
226
226
226
226
226
226
226
233
233
233
233
233
230
230
230
230
230
230
226
226
226
226
226
246
246
246
246
246
238
238
238
238
238
238
240
240
240
240
240
249
249
249
249
249
244
244
244
244
244
244
235
235
235
235
235
242
242
242
242
242
244
244
244
244
244
244
239
239
239
239
239
244
244
244
244
244
243
243
243
243
243
243
245
245
245
245
245
249
249
249
249
249
251
251
251
251
251
251
238
238
238
238
238
238
238
238
238
238
251
251
251
251
251
251
244
244
244
244
244
259
259
259
259
259
260
260
260
260
260
260
260
260
260
260
260
268
268
268
268
268
270
270
270
270
270
270
268
268
268
268
268
280
280
280
280
280
278
278
278
278
278
278
295
295
295
295
295
289
289
289
289
289
284
284
284
284
284
284
285
285
285
285
285
286
286
286
286
286
291
291
291
291
291
291
297
297
297
297
297
295
295
295
295
295
292
292
292
292
292
292
295
295
295
295
295
280
280
280
280