209
209
209
210
210
210
210
210
219
219
219
219
219
204
204
204
204
204
204
219
219
219
219
219
213
213
213
213
213
216
216
216
216
216
216
214
214
214
214
214
210
210
210
210
210
215
215
215
215
215
215
215
215
215
215
215
211
211
211
211
211
222
222
222
222
222
222
215
215
215
215
215
233
233
233
233
233
209
209
209
209
209
209
219
219
219
219
219
209
209
209
209
209
218
218
218
218
218
218
217
217
217
217
217
218
218
218
218
218
217
217
217
217
217
217
219
219
219
219
219
211
211
211
211
211
213
213
213
213
213
213
220
220
220
220
220
218
218
218
218
218
216
216
216
216
216
216
214
214
214
214
214
215
215
215
215
215
210
210
210
210
210
210
212
212
212
212
212
208
208
208
208
208
211
211
211
211
211
211
215
215
215
215
215
214
214
214
214
214
218
218
218
218
218
218
216
216
216
216
216
211
211
211
211
211
216
216
216
216
216
216
219
219
219
219
219
216
216
216
216
216
215
215
215
215
215
215
214
214
214
214
214
208
208
208
208
208
210
210
210
210
210
210
220
220
220
220
220
219
219
219
219
219
211
211
211
211
211
211
216
216
216
216
216
208
208
208
208
208
211
211
211
211
211
211
213
213
213
213
213
217
217
217
217
217
209
209
209
209
209
209
211
211
211
211
211
213
213
213
213
213
218
218
218
218
218
218
213
213
213
213
213
216
216
216
216
216
213
213
213
213
213
213
212
212
212
212
212
219
219
219
219
219
216
216
216
216
216
216
214
214
214
214
214
211
211
211
211
211
207
207
207
207
207
207
215
215
215
215
215
208
208
208
208
208
210
210
210
210
210
210
219
219
219
219
219
209
209
209
209
209
210
210
210
210
210
210
221
221
221
221
221
211
211
211
211
211
212
212
212
212
212
212
211
211
211
211
211
214
214
214
214
214
213
213
213
213
213
213
215
215
215
215
215
222
222
222
222
222
215
215
215
215
215
215
222
222
222
222
222
208
208
208
208
208
217
217
217
217
217
217
215
215
215
215
215
214
214
214
214
214
218
218
218
218
218
218
214
214
214
214
214
211
211
211
211
211
218
218
218
218
218
218
208
208
208
208
208
219
219
219
219
219
213
213
213
213
213
213
216
216
216
216
216
216
216
216
216
216
220
220
220
220
220
220
215
215
215
215
215
212
212
212
212
212
217
217
217
217
217
217
210
210
210
210
210
214
214
214
214
214
213
213
213
213
213
213
213
213
213
213
213
219
219
219
219
219
215
215
215
215
215
215
213
213
213
213
213
213
213
213
213
213
215
215
215
215
215
215
212
212
212
212
212
208
208
208
208
208
212
212
212
212
212
212
211
211
211
211
211
213
213
213
213
213
213
213
213
213
213
213
216
216
216
216
216
224
224
224
224
224
219
219
219
219
219
219
218
218
218
218
218
206
206
206
206
206
211
211
211
211
211
211
215
215
215
215
215
222
222
222
222
222
211
211
211
211
211
211
215
215
215
215
215
212
212
212
212
212
211
211
211
211
211
211
206
206
206
206
206
213
213
213
213
213
213
213
213
213
213
213
206
206
206
206
206
216
216
216
216
216
203
203
203
203
203
203
217
217
217
217
217
215
215
215
215
215
213
213
213
213
213
213
215
215
215
215
215
214
214
214
214
214
211
211
211
211
211
211
211
211
211
211
211
210
210
210
210
210
204
204
204
204
204
204
213
213
213
213
213
218
218
218
218
218
212
212
212
212
212
212
214
214
214
214
214
219
219
219
219
219
214
214
214
214
214
214
216
216
216
216
216
209
209
209
209
209
206
206
206
206
206
206
209
209
209
209
209
209
209
209
209
209
216
216
216
216
216
216
215
215
215
215
215
204
204
204
204
204
211
211
211
211
211
211
209
209
209
209
209
210
210
210
210
210
205
205
205
205
205
205
212
212
212
212
212
203
203
203
203
203
218
218
218
218
218
218
211
211
211
211
211
206
206
206
206
206
214
214
214
214
214
214
211
211
211
211
211
215
215
215
215
215
217
217
217
217
217
217
211
211
211
211
211
213
213
213
213
213
217
217
217
217
217
217
212
212
212
212
212
211
211
211
211
211
205
205
205
205
205
205
212
212
212
212
212
200
200
200
200
200
212
212
212
212
212
212
204
204
204
204
204
213
213
213
213
213
216
216
216
216
216
216
211
211
211
211
211
211
211
211
211
211
217
217
217
217
217
217
209
209
209
209
209
209
209
209
209
209
204
204
204
204
204
204
210
210
210
210
210
213
213
213
213
213
210
210
210
210
210
210
206
206
206
206
206
199
199
199
199
199
213
213
213
213
213
213
201
201
201
201
201
211
211
211
211
211
203
203
203
203
203
203
212
212
212
212
212
213
213
213
213
213
201
201
201
201
201
201
206
206
206
206
206
201
201
201
201
201
207
207
207
207
207
207
206
206
206
206
206
206
206
206
206
206
199
199
199
199
199
199
204
204
204
204
204
204
204
204
204
204
208
208
208
208
208
208
202
202
202
202
202
197
197
197
197
197
208
208
208
208
208
208
209
209
209
209
209
211
211
211
211
211
197
197
197
197
197
197
205
205
205
205
205
201
201
201
201
201
203
203
203
203
203
203
203
203
203
203
203
199
199
199
199
199
199
199
199
199
199
199
199
199
199
199
199
203
203
203
203
203
195
195
195
195
195
195
196
196
196
196
196
204
204
204
204
204
191
191
191
191
191
191
197
197
197
197
197
182
182
182
182
182
195
195
195
195
195
195
201
201
201
201
201
194
194
194
194
194
188
188
188
188
188
188
194
194
194
194
194
194
194
194
194
194
185
185
185
185
185
185
188
188
188
188
188
188
188
188
188
188
190
190
190
190
190
190
183
183
183
183
183
196
196
196
196
196
188
188
188
188
188
188
199
199
199
199
199
199
199
199
199
199
219
219
219
219
219
219
233
233
233
233
233
302
302
302
302
302
532
532
532
532
532
532
1211
1211
1211
1211
1211
2008
2008
2008
2008
2008
2620
2620
2620
2620
2620
2620
3121
3121
3121
3121
3121
3334
3334
3334
3334
3334
3290
3290
3290
3290
3290
3290
2965
2965
2965
2965
2965
2356
2356
2356
2356
2356
1619
1619
1619
1619
1619
1619
881
881
881
881
881
380
380
380
380
380
259
259
259
259
259
259
239
239
239
239
239
215
215
215
215
215
201
201
201
201
201
201
198
198
198
198
198
206
206
206
206
206
200
200
200
200
200
200
199
199
199
199
199
209
209
209
209
209
210
210
210
210
210
210
207
207
207
207
207
202
202
202
202
202
211
211
211
211
211
211
215
215
215
215
215
213
213
213
213
213
213
213
213
213
213
213
212
212
212
212
212
205
205
205
205
205
202
202
202
202
202
202
199
199
199
199
199
194
194
194
194
194
192
192
192
192
192
192
198
198
198
198
198
196
196
196
196
196
200
200
200
200
200
200
193
193
193
193
193
206
206
206
206
206
210
210
210
210
210
210
209
209
209
209
209
218
218
218
218
218
222
222
222
222
222
222
236
236
236
236
236
235
235
235
235
235
250
250
250
250
250
250
265
265
265
265
265
275
275
275
275
275
299
299
299
299
299
299
293
293
293
293
293
320
320
320
320
320
348
348
348
348
348
348
362
362
362
362
362
375
375
375
375
375
360
360
360
360
360
360
342
342
342
342
342
305
305
305
305
305
313
313
313
313
313
313
279
279
279
279
279
267
267
267
267
267
253
253
253
253
253
253
279
279
279
279
279
281
281
281
281
281
271
271
271
271
271
271
302
302
302
302
302
308
308
308
308
308
307
307
307
307
307
307
332
332
332
332
332
337
337
337
337
337
317
317
317
317
317
317
324
324
324
324
324
307
307
307
307
307
307
307
307
307
307
307
287
287
287
287
287
275
275
275
275
275
271
271
271
271
271
271
268
268
268
268
268
255
255
255
255
255
250
250
250
250
250
250
256
256
256
256
256
261
261
261
261
261
256
256
256
256
256
256
267
267
267
267
267
257
257
257
257
257
258
258
258
258
258
258
262
262
262
262
262
278
278
278
278
278
261
261
261
261
261
261
268
268
268
268
268
252
252
252
252
252
258
258
258
258
258
258
249
249
249
249
249
247
247
247
247
247
234
234
234
234
234
234
236
236
236
236
236
233
233
233
233
233
230
230
230
230
230
230
218
218
218
218
218
213
213
213
213
213
226
226
226
226
226
226
213
213
213
213
213
214
214
214
214
214
212
212
212
212
212
212
216
216
216
216
216
215
215
215
215
215
212
212
212
212
212
212
206
206
206
206
206
209
209
209
209
209
210
210
210
210
210
210
207
207
207
207
207
211
211
211
211
211
203
203
203
203
203
203
208
208
208
208
208
208
208
208
208
208
206
206
206
206
206
206
212
212
212
212
212
209
209
209
209
209
209
209
209
209
209
209
213
213
213
213
213
212
212
212
212
212
213
213
213
213
213
213
204
204
204
204
204
204
204
204
204
204
190
190
190
190
190
190
201
201
201
201
201
200
200
200
200
200
203
203
203
203
203
203
200
200
200
200
200
195
195
195
195
195
194
194
194
194
194
194
198
198
198
198
198
200
200
200
200
200
200
200
200
200
200
200
207
207
207
207
207
209
209
209
209
209
201
201
201
201
201
201
204
204
204
204
204
211
211
211
211
211
211
211
211
211
211
211
202
202
202
202
202
198
198
198
198
198
203
203
203
203
203
203
199
199
199
199
199
203
203
203
203
203
192
192
192
192
192
192
197
197
197
197
197
199
199
199
199
199
199
199
199
199
199
199
196
196
196
196
196
202
202
202
202
202
203
203
203
203
203
203
199
199
199
199
199
204
204
204
204
204
202
202
202
202
202
202
205
205
205
205
205
206
206
206
206
206
206
206
206
206
206
206
197
197
197
197
197
201
201
201
201
201
200
200
200
200
200
200
200
200
200
200
200
194
194
194
194
194
193
193
193
193
193
193
190
190
190
190
190
198
198
198
198
198
194
194
194
194
194
194
200
200
200
200
200
196
196
196
196
196
201
201
201
201
201
201
204
204
204
204
204
203
203
203
203
203
196
196
196
196
196
196
202
202
202
202
202
198
198
198
198
198
198
198
198
198
198
198
195
195
195
195
195
197
197
197
197
197
203
203
203
203
203
203
192
192
192
192
192
196
196
196
196
196
187
187
187
187
187
187
197
197
197
197
197
194
194
194
194
194
196
196
196
196
196
196
197
197
197
197
197
195
195
195
195
195
195
195
195
195
195
195
191
191
191
191
191
196
196
196
196
196
202
202
202
202
202
202
191
191
191
191
191
191
191
191
191
191
196
196
196
196
196
196
195
195
195
195
195
188
188
188
188
188
192
192
192
192
192
192
192
192
192
192
192
192
192
192
192
192
197
197
197
197
197
197
191
191
191
191
191
192
192
192
192
192
194
194
194
194
194
194
190
190
190
190
190
195
195
195
195
195
197
197
197
197
197
197
193
193
193
193
193
201
201
201
201
201
197
197
197
197
197
197
200
200
200
200
200
195
195
195
195
195
203
203
203
203
203
203
199
199
199
199
199
196
196
196
196
196
200
200
200
200
200
200
197
197
197
197
197
193
193
193
193
193
195
195
195
195
195
195
201
201
201
201
201
199
199
199
199
199
202
202
202
202
202
202
197
197
197
197
197
199
199
199
199
199
199
199
199
199
199
199
203
203
203
203
203
202
202
202
202
202
201
201
201
201
201
201
201
201
201
201
201
197
197
197
197
197
206
206
206
206
206
206
214
214
214
214
214
201
201
201
201
201
202
202
202
202
202
202
209
209
209
209
209
206
206
206
206
206
202
202
202
202
202
202
199
199
199
199
199
202
202
202
202
202
201
201
201
201
201
201
208
208
208
208
208
196
196
196
196
196
203
203
203
203
203
203
204
204
204
204
204
208
208
208
208
208
203
203
203
203
203
203
204
204
204
204
204
211
211
211
211
211
198
198
198
198
198
198
207
207
207
207
207
204
204
204
204
204
204
204
204
204
204
204
210
210
210
210
210
207
207
207
207
207
200
200
200
200
200
200
201
201
201
201
201
209
209
209
209
209
202
202
202
202
202
202
209
209
209
209
209
211
211
211
211
211
205
205
205
205
205
205
209
209
209
209
209
201
201
201
201
201
203
203
203
203
203
203
209
209
209
209
209
204
204
204
204
204
210
210
210
210
210
210
210
210
210
210
210
212
212
212
212
212
205
205
205
205
205
205
208
208
208
208
208
202
202
202
202
202
208
208
208
208
208
208
203
203
203
203
203
198
198
198
198
198
196
196
196
196
196
196
207
207
207
207
207
206
206
206
206
206
211
211
211
211
211
211
206
206
206
206
206
207
207
207
207
207
214
214
214
214
214
214
216
216
216
216
216
195
195
195
195
195
203
203
203
203
203
203
202
202
202
202
202
212
212
212
212
212
199
199
199
199
199
199
201
201
201
201
201
200
200
200
200
200
202
202
202
202
202
202
203
203
203
203
203
204
204
204
204
204
206
206
206
206
206
206
208
208
208
208
208
207
207
207
207
207
207
207
207
207
207
207
200
200
200
200
200
205
205
205
205
205
216
216
216
216
216
216
217
217
217
217
217
215
215
215
215
215
205
205
205
205
205
205
201
201
201
201
201
202
202
202
202
202
209
209
209
209
209
209
211
211
211
211
211
213
213
213
213
213
210
210
210
210
210
210
213
213
213
213
213
208
208
208
208
208
209
209
209
209
209
209
205
205
205
205
205
200
200
200
200
200
214
214
214
214
214
214
215
215
215
215
215
201
201
201
201
201
208
208
208
208
208
208
207
207
207
207
207
211
211
211
211
211
214
214
214
214
214
214
203
203
203
203
203
216
216
216
216
216
212
212
212
212
212
212
217
217
217
217
217
217
217
217
217
217
213
213
213
213
213
213
224
224
224
224
224
211
211
211
211
211
215
215
215
215
215
215
209
209
209
209
209
220
220
220
220
220
219
219
219
219
219
219
212
212
212
212
212
222
222
222
222
222
217
217
217
217
217
217
219
219
219
219
219
217
217
217
217
217
223
223
223
223
223
223
217
217
217
217
217
217
217
217
217
217
219
219
219
219
219
219
212
212
212
212
212
218
218
218
218
218
212
212
212
212
212
212
215
215
215
215
215
214
214
214
214
214
212
212
212
212
212
212
211
211
211
211
211
218
218
218
218
218
213
213
213
213
213
213
211
211
211
211
211
216
216
216
216
216
219
219
219
219
219
219
218
218
218
218
218
208
208
208
208
208
221
221
221
221
221
221
220
220
220
220
220
214
214
214
214
214
217
217
217
217
217
217
215
215
215
215
215
222
222
222
222
222
221
221
221
221
221
221
224
224
224
224
224
214
214
214
214
214
221
221
221
221
221
221
211
211
211
211
211
223
223
223
223
223
216
216
216
216
216
216
219
219
219
219
219
216
216
216
216
216
225
225
225
225
225
225
225
225
225
225
225
232
232
232
232
232
228
228
228
228
228
228
224
224
224
224
224
227
227
227
227
227
233
233
233
233
233
233
237
237
237
237
237
228
228
228
228
228
218
218
218
218
218
218
230
230
230
230
230
226
226
226
226
226
224
224
224
224
224
224
226
226
226
226
226
231
231
231
231
231
223
223
223
223
223
223
226
226
226
226
226
229
229
229
229
229
225
225
225
225
225
225
233
233
233
233
233
226
226
226
226
226
230
230
230
230
230
230
240
240
240
240
240
240
240
240
240
240
241
241
241
241
241
241
240
240
240
240
240
242
242
242
242
242
232
232
232
232
232
232
225
225
225
225
225
231
231
231
231
231
227
227
227
227
227
227
227
227
227
227
227
231
231
231
231
231
229
229
229
229
229
229
229
229
229
229
229
231
231
231
231
231
244
244
244
244
244
244
233
233
233
233
233
237
237
237
237
237
230
230
230
230
230
230
231
231
231
231
231
227
227
227
227
227
231
231
231
231
231
231
228
228
228
228
228
227
227
227
227
227
230
230
230
230
230
230
223
223
223
223
223
224
224
224
224
224
230
230
230
230
230
230
227
227
227
227
227
224
224
224
224
224
237
237
237
237
237
237
222
222
222
222
222
231
231
231
231
231
221
221
221
221
221
221
231
231
231
231
231
225
225
225
225
225
215
215
215
215
215
215
223
223
223
223
223
224
224
224
224
224
221
221
221
221
221
221
230
230
230
230
230
228
228
228
228
228
220
220
220
220
220
220
222
222
222
222
222
224
224
224
224
224
229
229
229
229
229
229
224
224
224
224
224
216
216
216
216
216
216
216
216
216
216
216
214
214
214
214
214
207
207
207
207
207
205
205
205
205
205
205
220
220
220
220
220
208
208
208
208
208
217
217
217
217
217
217
210
210
210
210
210
217
217
217
217
217
205
205
205
205
205
205
210
210
210
210
210
208
208
208
208
208
212
212
212
212
212
212
208
208
208
208
208
205
205
205
205
205
207
207
207
207
207
207
197
197
197
197
197
212
212
212
212
212
213
213
213
213
213
213
206
206
206
206
206
209
209
209
209
209
206
206
206
206
206
206
206
206
206
206
206
209
209
209
209
209
201
201
201
201
201
201
209
209
209
209
209
209
209
209
209
209
209
209
209
209
209
209
204
204
204
204
204
210
210
210
210
210
205
205
205
205
205
205
207
207
207
207
207
212
212
212
212
212
209
209
209
209
209
209
203
203
203
203
203
203
203
203
203
203
204
204
204
204
204
204
203
203
203
203
203
206
206
206
206
206
204
204
204
204
204
204
209
209
209
209
209
207
207
207
207
207
207
207
207
207
207
207
202
202
202
202
202
197
197
197
197
197
206
206
206
206
206
206
202
202
202
202
202
195
195
195
195
195
196
196
196
196
196
196
199
199
199
199
199
191
191
191
191
191
201
201
201
201
201
201
199
199
199
199
199
195
195
195
195
195
190
190
190
190
190
190
197
197
197
197
197
194
194
194
194
194
194
194
194
194
194
194
197
197
197
197
197
194
194
194
194
194
196
196
196
196
196
196
194
194
194
194
194
198
198
198
198
198
195
195
195
195
195
195
191
191
191
191
191
190
190
190
190
190
193
193
193
193
193
193
196
196
196
196
196
194
194
194
194
194
195
195
195
195
195
195
190
190
190
190
190
192
192
192
192
192
191
191
191
191
191
191
196
196
196
196
196
196
196
196
196
196
195
195
195
195
195
195
190
190
190
190
190
196
196
196
196
196
198
198
198
198
198
198
199
199
199
199
199
195
195
195
195
195
196
196
196
196
196
196
200
200
200
200
200
191
191
191
191
191
186
186
186
186
186
186
199
199
199
199
199
191
191
191
191
191
196
196
196
196
196
196
201
201
201
201
201
205
205
205
205
205
201
201
201
201
201
201
194
194
194
194
194
194
194
194
194
194
204
204
204
204
204
204
197
197
197
197
197
194
194
194
194
194
204
204
204
204
204
204
197
197
197
197
197
198
198
198
198
198
197
197
197
197
197
197
195
195
195
195
195
193
193
193
193
193
209
209
209
209
209
209
197
197
197
197
197
193
193
193
193
193
203
203
203
203
203
203
201
201
201
201
201
205
205
205
205
205
201
201
201
201
201
201
201
201
201
201
201
208
208
208
208
208
199
199
199
199
199
199
204
204
204
204
204
208
208
208
208
208
203
203
203
203
203
203
199
199
199
199
199
200
200
200
200
200
205
205
205
205
205
205
203
203
203
203
203
200
200
200
200
200
205
205
205
205
205
205
205
205
205
205
205
204
204
204
204
204
205
205
205
205
205
205
208
208
208
208
208
202
202
202
202
202
207
207
207
207
207
207
209
209
209
209
209
204
204
204
204
204
211
211
211
211
211
211
203
203
203
203
203
206
206
206
206
206
212
212
212
212
212
212
207
207
207
207
207
209
209
209
209
209
201
201
201
201
201
201
212
212
212
212
212
212
212
212
212
212
206
206
206
206
206
206
207
207
207
207
207
211
211
211
211
211
218
218
218
218
218
218
212
212
212
212
212
206
206
206
206
206
213
213
213
213
213
213
216
216
216
216
216
212
212
212
212
212
217
217
217
217
217
217
202
202
202
202
202
219
219
219
219
219
220
220
220
220
220
220
217
217
217
217
217
219
219
219
219
219
215
215
215
215
215
215
220
220
220
220
220
213
213
213
213
213
222
222
222
222
222
222
210
210
210
210
210
218
218
218
218
218
213
213
213
213
213
213
215
215
215
215
215
218
218
218
218
218
224
224
224
224
224
224
224
224
224
224
224
214
214
214
214
214
212
212
212
212
212
212
221
221
221
221
221
221
221
221
221
221
215
215
215
215
215
215
221
221
221
221
221
217
217
217
217
217
223
223
223
223
223
223
209
209
209
209
209
224
224
224
224
224
217
217
217
217
217
217
213
213
213
213
213
221
221
221
221
221
220
220
220
220
220
220
215
215
215
215
215
228
228
228
228
228
212
212
212
212
212
212
225
225
225
225
225
218
218
218
218
218
221
221
221
221
221
221
223
223
223
223
223
223
223
223
223
223
210
210
210
210
210
210
222
222
222
222
222
212
212
212
212
212
212
212
212
212
212
212
212
212
212
212
212
214
214
214
214
214
212
212
212
212
212
212
213
213
213
213
213
221
221
221
221
221
214
214
214
214
214
214
222
222
222
222
222
221
221
221
221
221
215
215
215
215
215
215
225
225
225
225
225
223
223
223
223
223
228
228
228
228
228
228
221
221
221
221
221
227
227
227
227
227
224
224
224
224
224
224
217
217
217
217
217
225
225
225
225
225
214
214
214
214
214
214
219
219
219
219
219
216
216
216
216
216
223
223
223
223
223
223
210
210
210
210
210
218
218
218
218
218
220
220
220
220
220
220
213
213
213
213
213
216
216
216
216
216
213
213
213
213
213
213
222
222
222
222
222
221
221
221
221
221
222
222
222
222
222
222
213
213
213
213
213
215
215
215
215
215
221
221
221
221
221
221
224
224
224
224
224
217
217
217
217
217
213
213
213
213
213
213
224
224
224
224
224
220
220
220
220
220
224
224
224
224
224
224
223
223
223
223
223
200
200
200
200
200
218
218
218
218
218
218
216
216
216
216
216
215
215
215
215
215
216
216
216
216
216
216
219
219
219
219
219
229
229
229
229
229
212
212
212
212
212
212
224
224
224
224
224
215
215
215
215
215
225
225
225
225
225
225
217
217
217
217
217
231
231
231
231
231
224
224
224
224
224
224
232
232
232
232
232
230
230
230
230
230
224
224
224
224
224
224
225
225
225
225
225
223
223
223
223
223
219
219
219
219
219
219
226
226
226
226
226
221
221
221
221
221
231
231
231
231
231
231
216
216
216
216