237
237
237
237
251
251
251
251
251
251
253
253
253
253
253
236
236
236
236
236
231
231
231
231
231
231
224
224
224
224
224
220
220
220
220
220
225
225
225
225
225
225
219
219
219
219
219
215
215
215
215
215
225
225
225
225
225
225
220
220
220
220
220
231
231
231
231
231
234
234
234
234
234
234
237
237
237
237
237
234
234
234
234
234
239
239
239
239
239
239
246
246
246
246
246
251
251
251
251
251
247
247
247
247
247
247
250
250
250
250
250
256
256
256
256
256
257
257
257
257
257
257
247
247
247
247
247
248
248
248
248
248
240
240
240
240
240
240
255
255
255
255
255
250
250
250
250
250
262
262
262
262
262
262
257
257
257
257
257
272
272
272
272
272
291
291
291
291
291
291
312
312
312
312
312
292
292
292
292
292
336
336
336
336
336
336
322
322
322
322
322
361
361
361
361
361
322
322
322
322
322
322
284
284
284
284
284
265
265
265
265
265
245
245
245
245
245
245
241
241
241
241
241
224
224
224
224
224
231
231
231
231
231
231
227
227
227
227
227
216
216
216
216
216
231
231
231
231
231
231
222
222
222
222
222
236
236
236
236
236
246
246
246
246
246
246
251
251
251
251
251
257
257
257
257
257
271
271
271
271
271
271
247
247
247
247
247
239
239
239
239
239
220
220
220
220
220
220
203
203
203
203
203
201
201
201
201
201
187
187
187
187
187
187
186
186
186
186
186
179
179
179
179
179
178
178
178
178
178
178
176
176
176
176
176
174
174
174
174
174
178
178
178
178
178
178
177
177
177
177
177
177
177
177
177
177
178
178
178
178
178
178
184
184
184
184
184
200
200
200
200
200
241
241
241
241
241
241
812
812
812
812
812
3052
3052
3052
3052
3052
4095
4095
4095
4095
4095
4095
4095
4095
4095
4095
4095
4095
4095
4095
4095
4095
4095
4095
4095
4095
4095
4095
4095
4095
4095
4095
4095
4095
4095
4095
4095
4095
3937
3937
3937
3937
3937
3937
2186
2186
2186
2186
2186
446
446
446
446
446
210
210
210
210
210
210
190
190
190
190
190
181
181
181
181
181
171
171
171
171
171
171
174
174
174
174
174
174
174
174
174
174
181
181
181
181
181
181
183
183
183
183
183
183
183
183
183
183
203
203
203
203
203
203
205
205
205
205
205
220
220
220
220
220
220
220
220
220
220
220
206
206
206
206
206
207
207
207
207
207
197
197
197
197
197
197
188
188
188
188
188
180
180
180
180
180
178
178
178
178
178
178
178
178
178
178
178
180
180
180
180
180
175
175
175
175
175
175
178
178
178
178
178
174
174
174
174
174
182
182
182
182
182
182
187
187
187
187
187
189
189
189
189
189
189
189
189
189
189
189
198
198
198
198
198
190
190
190
190
190
197
197
197
197
197
197
190
190
190
190
190
188
188
188
188
188
194
194
194
194
194
194
195
195
195
195
195
184
184
184
184
184
191
191
191
191
191
191
182
182
182
182
182
186
186
186
186
186
197
197
197
197
197
197
194
194
194
194
194
194
194
194
194
194
196
196
196
196
196
196
204
204
204
204
204
218
218
218
218
218
219
219
219
219
219
219
214
214
214
214
214
221
221
221
221
221
221
221
221
221
221
221
214
214
214
214
214
216
216
216
216
216
210
210
210
210
210
210
207
207
207
207
207
207
207
207
207
207
207
207
207
207
207
207
209
209
209
209
209
203
203
203
203
203
213
213
213
213
213
213
212
212
212
212
212
212
212
212
212
212
220
220
220
220
220
220
223
223
223
223
223
216
216
216
216
216
215
215
215
215
215
215
212
212
212
212
212
196
196
196
196
196
194
194
194
194
194
194
191
191
191
191
191
183
183
183
183
183
179
179
179
179
179
179
183
183
183
183
183
179
179
179
179
179
176
176
176
176
176
176
180
180
180
180
180
180
180
180
180
180
183
183
183
183
183
183
184
184
184
184
184
183
183
183
183
183
176
176
176
176
176
176
181
181
181
181
181
181
181
181
181
181
184
184
184
184
184
184
185
185
185
185
185
176
176
176
176
176
172
172
172
172
172
172
176
176
176
176
176
180
180
180
180
180
174
174
174
174
174
174
185
185
185
185
185
176
176
176
176
176
176
176
176
176
176
176
179
179
179
179
179
178
178
178
178
178
181
181
181
181
181
181
180
180
180
180
180
181
181
181
181
181
180
180
180
180
180
180
181
181
181
181
181
185
185
185
185
185
177
177
177
177
177
177
180
180
180
180
180
185
185
185
185
185
184
184
184
184
184
184
179
179
179
179
179
169
169
169
169
169
178
178
178
178
178
178
178
178
178
178
178
177
177
177
177
177
173
173
173
173
173
173
180
180
180
180
180
181
181
181
181
181
175
175
175
175
175
175
179
179
179
179
179
183
183
183
183
183
177
177
177
177
177
177
172
172
172
172
172
174
174
174
174
174
172
172
172
172
172
172
179
179
179
179
179
176
176
176
176
176
178
178
178
178
178
178
182
182
182
182
182
174
174
174
174
174
174
174
174
174
174
174
180
180
180
180
180
178
178
178
178
178
177
177
177
177
177
177
176
176
176
176
176
182
182
182
182
182
178
178
178
178
178
178
174
174
174
174
174
173
173
173
173
173
179
179
179
179
179
179
176
176
176
176
176
179
179
179
179
179
171
171
171
171
171
171
178
178
178
178
178
181
181
181
181
181
180
180
180
180
180
180
184
184
184
184
184
181
181
181
181
181
185
185
185
185
185
185
188
188
188
188
188
182
182
182
182
182
182
182
182
182
182
182
180
180
180
180
180
183
183
183
183
183
181
181
181
181
181
181
178
178
178
178
178
179
179
179
179
179
180
180
180
180
180
180
183
183
183
183
183
179
179
179
179
179
180
180
180
180
180
180
183
183
183
183
183
185
185
185
185
185
180
180
180
180
180
180
178
178
178
178
178
185
185
185
185
185
182
182
182
182
182
182
181
181
181
181
181
181
181
181
181
181
182
182
182
182
182
182
185
185
185
185
185
183
183
183
183
183
175
175
175
175
175
175
178
178
178
178
178
183
183
183
183
183
180
180
180
180
180
180
179
179
179
179
179
180
180
180
180
180
179
179
179
179
179
179
183
183
183
183
183
182
182
182
182
182
175
175
175
175
175
175
180
180
180
180
180
184
184
184
184
184
181
181
181
181
181
181
187
187
187
187
187
185
185
185
185
185
189
189
189
189
189
189
183
183
183
183
183
182
182
182
182
182
187
187
187
187
187
187
185
185
185
185
185
181
181
181
181
181
186
186
186
186
186
186
183
183
183
183
183
187
187
187
187
187
180
180
180
180
180
180
185
185
185
185
185
185
185
185
185
185
186
186
186
186
186
186
187
187
187
187
187
180
180
180
180
180
187
187
187
187
187
187
188
188
188
188
188
192
192
192
192
192
184
184
184
184
184
184
187
187
187
187
187
190
190
190
190
190
186
186
186
186
186
186
190
190
190
190
190
188
188
188
188
188
192
192
192
192
192
192
193
193
193
193
193
190
190
190
190
190
192
192
192
192
192
192
194
194
194
194
194
187
187
187
187
187
190
190
190
190
190
190
188
188
188
188
188
193
193
193
193
193
192
192
192
192
192
192
191
191
191
191
191
195
195
195
195
195
200
200
200
200
200
200
196
196
196
196
196
190
190
190
190
190
195
195
195
195
195
195
203
203
203
203
203
199
199
199
199
199
194
194
194
194
194
194
193
193
193
193
193
195
195
195
195
195
196
196
196
196
196
196
195
195
195
195
195
195
195
195
195
195
202
202
202
202
202
202
195
195
195
195
195
200
200
200
200
200
196
196
196
196
196
196
195
195
195
195
195
192
192
192
192
192
198
198
198
198
198
198
194
194
194
194
194
193
193
193
193
193
194
194
194
194
194
194
193
193
193
193
193
190
190
190
190
190
192
192
192
192
192
192
191
191
191
191
191
191
191
191
191
191
189
189
189
189
189
189
196
196
196
196
196
194
194
194
194
194
197
197
197
197
197
197
200
200
200
200
200
200
200
200
200
200
202
202
202
202
202
202
201
201
201
201
201
200
200
200
200
200
203
203
203
203
203
203
197
197
197
197
197
208
208
208
208
208
203
203
203
203
203
203
205
205
205
205
205
205
205
205
205
205
198
198
198
198
198
198
201
201
201
201
201
206
206
206
206
206
198
198
198
198
198
198
199
199
199
199
199
210
210
210
210
210
203
203
203
203
203
203
202
202
202
202
202
202
202
202
202
202
209
209
209
209
209
209
202
202
202
202
202
204
204
204
204
204
198
198
198
198
198
198
201
201
201
201
201
203
203
203
203
203
199
199
199
199
199
199
207
207
207
207
207
201
201
201
201
201
202
202
202
202
202
202
212
212
212
212
212
208
208
208
208
208
221
221
221
221
221
221
212
212
212
212
212
219
219
219
219
219
213
213
213
213
213
213
222
222
222
222
222
217
217
217
217
217
219
219
219
219
219
219
222
222
222
222
222
223
223
223
223
223
219
219
219
219
219
219
214
214
214
214
214
209
209
209
209
209
215
215
215
215
215
215
212
212
212
212
212
219
219
219
219
219
221
221
221
221
221
221
226
226
226
226
226
217
217
217
217
217
216
216
216
216
216
216
218
218
218
218
218
219
219
219
219
219
218
218
218
218
218
218
220
220
220
220
220
212
212
212
212
212
213
213
213
213
213
213
215
215
215
215
215
220
220
220
220
220
216
216
216
216
216
216
214
214
214
214
214
213
213
213
213
213
222
222
222
222
222
222
222
222
222
222
222
237
237
237
237
237
222
222
222
222
222
222
218
218
218
218
218
229
229
229
229
229
233
233
233
233
233
233
240
240
240
240
240
235
235
235
235
235
231
231
231
231
231
231
226
226
226
226
226
229
229
229
229
229
233
233
233
233
233
233
223
223
223
223
223
232
232
232
232
232
231
231
231
231
231
231
230
230
230
230
230
233
233
233
233
233
234
234
234
234
234
234
229
229
229
229
229
234
234
234
234
234
227
227
227
227
227
227
229
229
229
229
229
226
226
226
226
226
235
235
235
235
235
235
236
236
236
236
236
229
229
229
229
229
230
230
230
230
230
230
237
237
237
237
237
239
239
239
239
239
246
246
246
246
246
246
247
247
247
247
247
245
245
245
245
245
237
237
237
237
237
237
237
237
237
237
237
239
239
239
239
239
246
246
246
246
246
246
235
235
235
235
235
236
236
236
236
236
249
249
249
249
249
249
230
230
230
230
230
230
230
230
230
230
223
223
223
223
223
223
240
240
240
240
240
248
248
248
248
248
245
245
245
245
245
245
245
245
245
245
245
246
246
246
246
246
235
235
235
235
235
235
230
230
230
230
230
242
242
242
242
242
240
240
240
240
240
240
227
227
227
227
227
244
244
244
244
244
237
237
237
237
237
237
236
236
236
236
236
242
242
242
242
242
233
233
233
233
233
233
238
238
238
238
238
237
237
237
237
237
245
245
245
245
245
245
254
254
254
254
254
246
246
246
246
246
250
250
250
250
250
250
257
257
257
257
257
251
251
251
251
251
245
245
245
245
245
245
243
243
243
243
243
253
253
253
253
253
255
255
255
255
255
255
236
236
236
236
236
267
267
267
267
267
243
243
243
243
243
243
245
245
245
245
245
252
252
252
252
252
254
254
254
254
254
254
241
241
241
241
241
248
248
248
248
248
262
262
262
262
262
262
256
256
256
256
256
255
255
255
255
255
251
251
251
251
251
251
254
254
254
254
254
252
252
252
252
252
230
230
230
230
230
230
238
238
238
238
238
240
240
240
240
240
231
231
231
231
231
231
238
238
238
238
238
234
234
234
234
234
229
229
229
229
229
229
229
229
229
229
229
238
238
238
238
238
238
238
238
238
238
238
235
235
235
235
235
233
233
233
233
233
221
221
221
221
221
221
232
232
232
232
232
231
231
231
231
231
224
224
224
224
224
224
248
248
248
248
248
229
229
229
229
229
230
230
230
230
230
230
234
234
234
234
234
226
226
226
226
226
218
218
218
218
218
218
216
216
216
216
216
214
214
214
214
214
221
221
221
221
221
221
215
215
215
215
215
219
219
219
219
219
223
223
223
223
223
223
211
211
211
211
211
221
221
221
221
221
216
216
216
216
216
216
215
215
215
215
215
220
220
220
220
220
224
224
224
224
224
224
221
221
221
221
221
226
226
226
226
226
215
215
215
215
215
215
219
219
219
219
219
214
214
214
214
214
216
216
216
216
216
216
212
212
212
212
212
214
214
214
214
214
215
215
215
215
215
215
216
216
216
216
216
217
217
217
217
217
217
217
217
217
217
217
212
212
212
212
212
219
219
219
219
219
214
214
214
214
214
214
218
218
218
218
218
217
217
217
217
217
225
225
225
225
225
225
209
209
209
209
209
219
219
219
219
219
214
214
214
214
214
214
211
211
211
211
211
219
219
219
219
219
215
215
215
215
215
215
214
214
214
214
214
218
218
218
218
218
215
215
215
215
215
215
212
212
212
212
212
214
214
214
214
214
222
222
222
222
222
222
222
222
222
222
222
216
216
216
216
216
216
216
216
216
216
216
213
213
213
213
213
213
213
213
213
213
213
213
213
213
213
213
213
213
213
213
213
210
210
210
210
210
210
210
210
210
210
210
218
218
218
218
218
200
200
200
200
200
216
216
216
216
216
216
209
209
209
209
209
209
209
209
209
209
208
208
208
208
208
208
207
207
207
207
207
206
206
206
206
206
212
212
212
212
212
212
218
218
218
218
218
201
201
201
201
201
209
209
209
209
209
209
203
203
203
203
203
208
208
208
208
208
214
214
214
214
214
214
208
208
208
208
208
213
213
213
213
213
206
206
206
206
206
206
216
216
216
216
216
210
210
210
210
210
215
215
215
215
215
215
199
199
199
199
199
203
203
203
203
203
207
207
207
207
207
207
207
207
207
207
207
206
206
206
206
206
203
203
203
203
203
203
209
209
209
209
209
212
212
212
212
212
208
208
208
208
208
208
209
209
209
209
209
206
206
206
206
206
219
219
219
219
219
219
206
206
206
206
206
215
215
215
215
215
209
209
209
209
209
209
215
215
215
215
215
216
216
216
216
216
218
218
218
218
218
218
206
206
206
206
206
217
217
217
217
217
210
210
210
210
210
210
205
205
205
205
205
209
209
209
209
209
218
218
218
218
218
218
208
208
208
208
208
209
209
209
209
209
203
203
203
203
203
203
209
209
209
209
209
211
211
211
211
211
208
208
208
208
208
208
213
213
213
213
213
216
216
216
216
216
212
212
212
212
212
212
214
214
214
214
214
217
217
217
217
217
214
214
214
214
214
214
215
215
215
215
215
221
221
221
221
221
216
216
216
216
216
216
214
214
214
214
214
213
213
213
213
213
216
216
216
216
216
216
214
214
214
214
214
224
224
224
224
224
214
214
214
214
214
214
220
220
220
220
220
223
223
223
223
223
212
212
212
212
212
212
225
225
225
225
225
217
217
217
217
217
223
223
223
223
223
223
220
220
220
220
220
223
223
223
223
223
224
224
224
224
224
224
229
229
229
229
229
232
232
232
232
232
227
227
227
227
227
227
222
222
222
222
222
221
221
221
221
221
216
216
216
216
216
216
227
227
227
227
227
227
227
227
227
227
220
220
220
220
220
220
229
229
229
229
229
224
224
224
224
224
220
220
220
220
220
220
229
229
229
229
229
227
227
227
227
227
223
223
223
223
223
223
226
226
226
226
226
223
223
223
223
223
224
224
224
224
224
224
225
225
225
225
225
229
229
229
229
229
223
223
223
223
223
223
235
235
235
235
235
228
228
228
228
228
230
230
230
230
230
230
228
228
228
228
228
237
237
237
237
237
231
231
231
231
231
231
236
236
236
236
236
250
250
250
250
250
238
238
238
238
238
238
249
249
249
249
249
231
231
231
231
231
252
252
252
252
252
252
249
249
249
249
249
241
241
241
241
241
246
246
246
246
246
246
254
254
254
254
254
239
239
239
239
239
234
234
234
234
234
234
246
246
246
246
246
242
242
242
242
242
248
248
248
248
248
248
238
238
238
238
238
239
239
239
239
239
257
257
257
257
257
257
248
248
248
248
248
247
247
247
247
247
250
250
250
250
250
250
254
254
254
254
254
255
255
255
255
255
248
248
248
248
248
248
252
252
252
252
252
259
259
259
259
259
266
266
266
266
266
266
260
260
260
260
260
260
260
260
260
260
278
278
278
278
278
278
264
264
264
264
264
289
289
289
289
289
271
271
271
271
271
271
272
272
272
272
272
279
279
279
279
279
267
267
267
267
267
267
284
284
284
284
284
287
287
287
287
287
290
290
290
290
290
290
283
283
283
283
283
296
296
296
296
296
289
289
289
289
289
289
287
287
287
287
287
297
297
297
297
297
300
300
300
300
300
300
296
296
296
296
296
292
292
292
292
292
287
287
287
287
287
287
279
279
279
279
279
281
281
281
281
281
275
275
275
275
275
275
276
276
276
276
276
263
263
263
263
263
261
261
261
261
261
261
266
266
266
266
266
275
275
275
275
275
276
276
276
276
276
276
296
296
296
296
296
319
319
319
319
319
339
339
339
339
339
339
392
392
392
392
392
439
439
439
439
439
451
451
451
451
451
451
424
424
424
424
424
451
451
451
451
451
382
382
382
382
382
382
339
339
339
339
339
329
329
329
329
329
296
296
296
296
296
296
283
283
283
283
283
276
276
276
276
276
276
276
276
276
276
276
268
268
268
268
268
275
275
275
275
275
285
285
285
285
285
285
309
309
309
309
309
303
303
303
303
303
336
336
336
336
336
336
366
366
366
366
366
410
410
410
410
410
449
449
449
449
449
449
477
477
477
477
477
489
489
489
489
489
496
496
496
496
496
496
460
460
460
460
460
434
434
434
434
434
421
421
421
421
421
421
372
372
372
372
372
367
367
367
367
367
339
339
339
339
339
339
318
318
318
318
318
348
348
348
348
348
318
318
318
318
318
318
326
326
326
326
326
348
348
348
348
348
362
362
362
362
362
362
366
366
366
366
366
404
404
404
404
404
435
435
435
435
435
435
459
459
459
459
459
496
496
496
496
496
520
520
520
520
520
520
553
553
553
553
553
559
559
559
559
559
546
546
546
546
546
546
534
534
534
534
534
538
538
538
538
538
504
504
504
504
504
504
491
491
491
491
491
472
472
472
472
472
487
487
487
487
487
487
500
500
500
500
500
517
517
517
517
517
539
539
539
539
539
539
560
560
560
560
560
566
566
566
566
566
625
625
625
625
625
625
642
642
642
642
642
656
656
656
656
656
628
628
628
628
628
628
662
662
662
662
662
661
661
661
661
661
613
613
613
613
613
613
609
609
609
609
609
578
578
578
578
578
616
616
616
616
616
616
593
593
593
593
593
617
617
617
617
617
608
608
608
608
608
608
684
684
684
684
684
716
716
716
716
716
712
712
712
712
712
712
791
791
791
791
791
763
763
763
763
763
898
898
898
898
898
898
893
893
893
893
893
944
944
944
944
944
942
942
942
942
942
942
998
998
998
998
998
1059
1059
1059
1059
1059
1045
1045
1045
1045
1045
1045
1118
1118
1118
1118
1118
1082
1082
1082
1082
1082
1173
1173
1173
1173
1173
1173
1103
1103
1103
1103
1103
1190
1190
1190
1190
1190
1166
1166
1166
1166
1166
1166
1158
1158
1158
1158
1158
1215
1215
1215
1215
1215
1209
1209
1209
1209
1209
1209
1240
1240
1240
1240
1240
1189
1189
1189
1189
1189
1285
1285
1285
1285
1285
1285
1262
1262
1262
1262
1262
1344
1344
1344
1344
1344
1394
1394
1394
1394
1394
1394
1388
1388
1388
1388
1388
1498
1498
1498
1498
1498
1549
1549
1549
1549
1549
1549
1621
1621
1621
1621
1621
1606
1606
1606
1606
1606
1716
1716
1716
1716
1716
1716
1691
1691
1691
1691
1691
1798
1798
1798
1798
1798
1791
1791
1791
1791
1791
1791
1851
1851
1851
1851
1851
1892
1892
1892
1892
1892
1897
1897
1897
1897
1897
1897
1919
1919
1919
1919
1919
1866
1866
1866
1866
1866
1929
1929
1929
1929
1929
1929
1862
1862
1862
1862
1862
1884
1884
1884
1884
1884
1825
1825
1825
1825
1825
1825
1817
1817
1817
1817
1817
1860
1860
1860
1860
1860
1858
1858
1858
1858
1858
1858
1898
1898
1898
1898
1898
1897
1897
1897
1897
1897
2014
2014
2014
2014
2014
2014
2016
2016
2016
2016
2016
2145
2145
2145
2145
2145
2187
2187
2187
2187
2187
2187
2297
2297
2297
2297
2297
2365
2365
2365
2365
2365
2364
2364
2364
2364
2364
2364
2451
2451
2451
2451
2451
2494
2494
2494
2494
2494
2553
2553
2553
2553
2553
2553
2511
2511
2511
2511
2511
2525
2525
2525
2525
2525
2531
2531
2531
2531
2531
2531
2495
2495
2495
2495
2495
2477
2477
2477
2477
2477
2494
2494
2494
2494
2494
2494
2493
2493
2493
2493
2493
2471
2471
2471
2471
2471
2467
2467
2467
2467
2467
2467
2491
2491
2491
2491
2491
2547
2547
2547
2547
2547
2526
2526
2526
2526
2526
2526
2578
2578
2578
2578
2578
2590
2590
2590
2590
2590
2652
2652
2652
2652
2652
2652
2670
2670
2670
2670
2670
2709
2709
2709
2709
2709
2700
2700
2700
2700
2700
2700
2712
2712
2712
2712
2712
2752
2752
2752
2752
2752
2772
2772
2772
2772
2772
2772
2813
2813
2813
2813
2813
2790
2790
2790
2790
2790
2820
2820
2820
2820
2820
2820
2788
2788
2788
2788
2788
2805
2805
2805
2805
2805
2787
2787
2787
2787
2787
2787
2816
2816
2816
2816
2816
2787
2787
2787
2787
2787
2811
2811
2811
2811
2811
2811
2853
2853
2853
2853
2853
2883
2883
2883
2883
2883
2913
2913
2913
2913
2913
2913
2914
2914
2914
2914
2914
2915
2915
2915
2915
2915
2925
2925
2925
2925
2925
2925
2867
2867
2867
2867
2867
2800
2800
2800
2800
2800
2764
2764
2764
2764
2764
2764
2725
2725
2725
2725
2725
2667
2667
2667
2667
2667
2655
2655
2655
2655
2655
2655
2608
2608
2608
2608
2608
2612
2612
2612
2612
2612
2601
2601
2601
2601
2601
2601
2646
2646
2646
2646
2646
2699
2699
2699
2699
2699
2715
2715
2715
2715
2715
2715
2789
2789
2789
2789
2789
2805
2805
2805
2805
2805
2895
2895
2895
2895
2895
2895
2928
2928
2928
2928
2928
2998
2998
2998
2998
2998
3006
3006
3006
3006
3006
3006
3032
3032
3032
3032
3032
3032
3032
3032
3032
3032
3000
3000
3000
3000
3000
3000
3011
3011
3011
3011
3011
2958
2958
2958
2958
2958
2946
2946
2946
2946
2946
2946
2913
2913
2913
2913
2913
2895
2895
2895
2895
2895
2826
2826
2826
2826
2826
2826
2803
2803
2803
2803
2803
2846
2846
2846
2846
2846
2837
2837
2837
2837
2837
2837
2845
2845
2845
2845
2845
2883
2883
2883
2883
2883
2944
2944
2944
2944
2944
2944
2999
2999
2999
2999
2999
2961
2961
2961
2961
2961
3064
3064
3064
3064
3064
3064
3072
3072
3072
3072
3072
3102
3102
3102
3102
3102
3116
3116
3116
3116
3116
3116
3076
3076
3076
3076
3076
3132
3132
3132
3132
3132
3108
3108
3108
3108
3108
3108
3152
3152
3152
3152
3152
3102
3102
3102
3102
3102
3111
3111
3111
3111
3111
3111
3062
3062
3062
3062
3062
3071
3071
3071
3071
3071
3011
3011
3011
3011
3011
3011
3028
3028
3028
3028
3028
2969
2969
2969
2969
2969
2956
2956
2956
2956
2956
2956
2912
2912
2912
2912
2912
2902
2902
2902
2902
2902
2888
2888
2888
2888
2888
2888
2899
2899
2899
2899
2899
2851
2851
2851
2851
2851
2867
2867
2867
2867
2867
2867
2938
2938
2938
2938
2938
2921
2921
2921
2921
2921
2904
2904
2904
2904
2904
2904
2894
2894
2894
2894
2894
2888
2888
2888
2888
2888
2885
2885
2885