219
219
219
219
210
210
210
210
210
212
212
212
212
212
212
223
223
223
223
223
221
221
221
221
221
222
222
222
222
222
222
216
216
216
216
216
219
219
219
219
219
211
211
211
211
211
211
220
220
220
220
220
209
209
209
209
209
222
222
222
222
222
222
218
218
218
218
218
219
219
219
219
219
213
213
213
213
213
213
213
213
213
213
213
218
218
218
218
218
214
214
214
214
214
214
217
217
217
217
217
213
213
213
213
213
214
214
214
214
214
214
215
215
215
215
215
207
207
207
207
207
214
214
214
214
214
214
211
211
211
211
211
205
205
205
205
205
210
210
210
210
210
210
219
219
219
219
219
213
213
213
213
213
210
210
210
210
210
210
217
217
217
217
217
214
214
214
214
214
210
210
210
210
210
210
209
209
209
209
209
207
207
207
207
207
216
216
216
216
216
216
210
210
210
210
210
216
216
216
216
216
213
213
213
213
213
213
216
216
216
216
216
208
208
208
208
208
206
206
206
206
206
206
215
215
215
215
215
210
210
210
210
210
214
214
214
214
214
214
218
218
218
218
218
214
214
214
214
214
218
218
218
218
218
218
211
211
211
211
211
215
215
215
215
215
214
214
214
214
214
214
210
210
210
210
210
208
208
208
208
208
206
206
206
206
206
206
210
210
210
210
210
208
208
208
208
208
222
222
222
222
222
222
214
214
214
214
214
216
216
216
216
216
204
204
204
204
204
204
213
213
213
213
213
204
204
204
204
204
212
212
212
212
212
212
199
199
199
199
199
204
204
204
204
204
215
215
215
215
215
215
204
204
204
204
204
213
213
213
213
213
204
204
204
204
204
204
209
209
209
209
209
211
211
211
211
211
208
208
208
208
208
208
204
204
204
204
204
201
201
201
201
201
202
202
202
202
202
202
197
197
197
197
197
203
203
203
203
203
203
203
203
203
203
203
203
203
203
203
203
205
205
205
205
205
201
201
201
201
201
201
203
203
203
203
203
204
204
204
204
204
205
205
205
205
205
205
201
201
201
201
201
198
198
198
198
198
206
206
206
206
206
206
203
203
203
203
203
197
197
197
197
197
194
194
194
194
194
194
191
191
191
191
191
190
190
190
190
190
191
191
191
191
191
191
193
193
193
193
193
193
193
193
193
193
191
191
191
191
191
191
192
192
192
192
192
187
187
187
187
187
190
190
190
190
190
190
189
189
189
189
189
191
191
191
191
191
186
186
186
186
186
186
187
187
187
187
187
187
187
187
187
187
185
185
185
185
185
185
186
186
186
186
186
188
188
188
188
188
196
196
196
196
196
196
207
207
207
207
207
233
233
233
233
233
280
280
280
280
280
280
695
695
695
695
695
1784
1784
1784
1784
1784
2887
2887
2887
2887
2887
2887
3811
3811
3811
3811
3811
4095
4095
4095
4095
4095
4095
4095
4095
4095
4095
4095
4095
4095
4095
4095
4095
3930
3930
3930
3930
3930
3126
3126
3126
3126
3126
3126
2178
2178
2178
2178
2178
1097
1097
1097
1097
1097
384
384
384
384
384
384
253
253
253
253
253
222
222
222
222
222
215
215
215
215
215
215
202
202
202
202
202
195
195
195
195
195
196
196
196
196
196
196
204
204
204
204
204
197
197
197
197
197
208
208
208
208
208
208
207
207
207
207
207
209
209
209
209
209
205
205
205
205
205
205
209
209
209
209
209
213
213
213
213
213
215
215
215
215
215
215
209
209
209
209
209
203
203
203
203
203
206
206
206
206
206
206
198
198
198
198
198
197
197
197
197
197
186
186
186
186
186
186
190
190
190
190
190
186
186
186
186
186
192
192
192
192
192
192
187
187
187
187
187
194
194
194
194
194
197
197
197
197
197
197
213
213
213
213
213
205
205
205
205
205
218
218
218
218
218
218
234
234
234
234
234
247
247
247
247
247
255
255
255
255
255
255
268
268
268
268
268
272
272
272
272
272
298
298
298
298
298
298
285
285
285
285
285
324
324
324
324
324
328
328
328
328
328
328
379
379
379
379
379
398
398
398
398
398
400
400
400
400
400
400
379
379
379
379
379
377
377
377
377
377
331
331
331
331
331
331
298
298
298
298
298
307
307
307
307
307
274
274
274
274
274
274
278
278
278
278
278
256
256
256
256
256
283
283
283
283
283
283
290
290
290
290
290
286
286
286
286
286
286
286
286
286
286
286
301
301
301
301
301
299
299
299
299
299
296
296
296
296
296
296
309
309
309
309
309
281
281
281
281
281
285
285
285
285
285
285
298
298
298
298
298
271
271
271
271
271
262
262
262
262
262
262
261
261
261
261
261
259
259
259
259
259
255
255
255
255
255
255
253
253
253
253
253
259
259
259
259
259
269
269
269
269
269
269
255
255
255
255
255
270
270
270
270
270
275
275
275
275
275
275
275
275
275
275
275
302
302
302
302
302
308
308
308
308
308
308
359
359
359
359
359
389
389
389
389
389
445
445
445
445
445
445
455
455
455
455
455
458
458
458
458
458
387
387
387
387
387
387
318
318
318
318
318
280
280
280
280
280
250
250
250
250
250
250
241
241
241
241
241
224
224
224
224
224
211
211
211
211
211
211
208
208
208
208
208
209
209
209
209
209
204
204
204
204
204
204
208
208
208
208
208
207
207
207
207
207
208
208
208
208
208
208
214
214
214
214
214
215
215
215
215
215
211
211
211
211
211
211
218
218
218
218
218
218
218
218
218
218
210
210
210
210
210
210
209
209
209
209
209
206
206
206
206
206
208
208
208
208
208
208
204
204
204
204
204
207
207
207
207
207
206
206
206
206
206
206
205
205
205
205
205
204
204
204
204
204
199
199
199
199
199
199
200
200
200
200
200
206
206
206
206
206
208
208
208
208
208
208
197
197
197
197
197
201
201
201
201
201
194
194
194
194
194
194
210
210
210
210
210
203
203
203
203
203
191
191
191
191
191
191
201
201
201
201
201
201
201
201
201
201
196
196
196
196
196
196
203
203
203
203
203
210
210
210
210
210
216
216
216
216
216
216
209
209
209
209
209
211
211
211
211
211
212
212
212
212
212
212
205
205
205
205
205
212
212
212
212
212
206
206
206
206
206
206
208
208
208
208
208
200
200
200
200
200
203
203
203
203
203
203
197
197
197
197
197
196
196
196
196
196
204
204
204
204
204
204
195
195
195
195
195
209
209
209
209
209
206
206
206
206
206
206
207
207
207
207
207
220
220
220
220
220
202
202
202
202
202
202
207
207
207
207
207
202
202
202
202
202
210
210
210
210
210
210
211
211
211
211
211
207
207
207
207
207
204
204
204
204
204
204
205
205
205
205
205
202
202
202
202
202
199
199
199
199
199
199
203
203
203
203
203
197
197
197
197
197
195
195
195
195
195
195
197
197
197
197
197
193
193
193
193
193
199
199
199
199
199
199
194
194
194
194
194
192
192
192
192
192
196
196
196
196
196
196
201
201
201
201
201
191
191
191
191
191
200
200
200
200
200
200
198
198
198
198
198
193
193
193
193
193
198
198
198
198
198
198
191
191
191
191
191
188
188
188
188
188
188
188
188
188
188
188
193
193
193
193
193
198
198
198
198
198
191
191
191
191
191
191
196
196
196
196
196
194
194
194
194
194
193
193
193
193
193
193
193
193
193
193
193
197
197
197
197
197
199
199
199
199
199
199
197
197
197
197
197
199
199
199
199
199
198
198
198
198
198
198
200
200
200
200
200
201
201
201
201
201
201
201
201
201
201
201
202
202
202
202
202
196
196
196
196
196
205
205
205
205
205
205
194
194
194
194
194
207
207
207
207
207
200
200
200
200
200
200
198
198
198
198
198
198
198
198
198
198
200
200
200
200
200
200
200
200
200
200
200
198
198
198
198
198
205
205
205
205
205
205
200
200
200
200
200
206
206
206
206
206
207
207
207
207
207
207
203
203
203
203
203
203
203
203
203
203
206
206
206
206
206
206
196
196
196
196
196
199
199
199
199
199
198
198
198
198
198
198
205
205
205
205
205
197
197
197
197
197
196
196
196
196
196
196
196
196
196
196
196
196
196
196
196
196
199
199
199
199
199
199
196
196
196
196
196
201
201
201
201
201
202
202
202
202
202
202
203
203
203
203
203
199
199
199
199
199
200
200
200
200
200
200
202
202
202
202
202
208
208
208
208
208
203
203
203
203
203
203
210
210
210
210
210
211
211
211
211
211
204
204
204
204
204
204
211
211
211
211
211
204
204
204
204
204
203
203
203
203
203
203
207
207
207
207
207
204
204
204
204
204
200
200
200
200
200
200
208
208
208
208
208
205
205
205
205
205
208
208
208
208
208
208
203
203
203
203
203
212
212
212
212
212
219
219
219
219
219
219
211
211
211
211
211
213
213
213
213
213
209
209
209
209
209
209
214
214
214
214
214
216
216
216
216
216
212
212
212
212
212
212
216
216
216
216
216
219
219
219
219
219
216
216
216
216
216
216
209
209
209
209
209
209
209
209
209
209
211
211
211
211
211
211
205
205
205
205
205
214
214
214
214
214
216
216
216
216
216
216
210
210
210
210
210
213
213
213
213
213
207
207
207
207
207
207
211
211
211
211
211
209
209
209
209
209
212
212
212
212
212
212
210
210
210
210
210
215
215
215
215
215
210
210
210
210
210
210
214
214
214
214
214
209
209
209
209
209
212
212
212
212
212
212
209
209
209
209
209
215
215
215
215
215
213
213
213
213
213
213
212
212
212
212
212
216
216
216
216
216
208
208
208
208
208
208
211
211
211
211
211
209
209
209
209
209
213
213
213
213
213
213
213
213
213
213
213
214
214
214
214
214
209
209
209
209
209
209
208
208
208
208
208
208
208
208
208
208
206
206
206
206
206
206
212
212
212
212
212
210
210
210
210
210
207
207
207
207
207
207
205
205
205
205
205
205
205
205
205
205
207
207
207
207
207
207
204
204
204
204
204
208
208
208
208
208
198
198
198
198
198
198
213
213
213
213
213
208
208
208
208
208
208
208
208
208
208
208
206
206
206
206
206
202
202
202
202
202
205
205
205
205
205
205
206
206
206
206
206
210
210
210
210
210
202
202
202
202
202
202
214
214
214
214
214
203
203
203
203
203
204
204
204
204
204
204
201
201
201
201
201
209
209
209
209
209
211
211
211
211
211
211
199
199
199
199
199
204
204
204
204
204
205
205
205
205
205
205
204
204
204
204
204
205
205
205
205
205
203
203
203
203
203
203
209
209
209
209
209
213
213
213
213
213
206
206
206
206
206
206
205
205
205
205
205
201
201
201
201
201
211
211
211
211
211
211
209
209
209
209
209
209
209
209
209
209
205
205
205
205
205
205
201
201
201
201
201
203
203
203
203
203
207
207
207
207
207
207
206
206
206
206
206
205
205
205
205
205
203
203
203
203
203
203
207
207
207
207
207
206
206
206
206
206
200
200
200
200
200
200
216
216
216
216
216
210
210
210
210
210
212
212
212
212
212
212
209
209
209
209
209
214
214
214
214
214
216
216
216
216
216
216
198
198
198
198
198
210
210
210
210
210
206
206
206
206
206
206
206
206
206
206
206
211
211
211
211
211
203
203
203
203
203
203
205
205
205
205
205
211
211
211
211
211
208
208
208
208
208
208
205
205
205
205
205
216
216
216
216
216
211
211
211
211
211
211
211
211
211
211
211
214
214
214
214
214
208
208
208
208
208
208
218
218
218
218
218
200
200
200
200
200
213
213
213
213
213
213
213
213
213
213
213
209
209
209
209
209
213
213
213
213
213
213
221
221
221
221
221
216
216
216
216
216
216
216
216
216
216
216
216
216
216
216
216
218
218
218
218
218
216
216
216
216
216
216
222
222
222
222
222
224
224
224
224
224
214
214
214
214
214
214
229
229
229
229
229
222
222
222
222
222
224
224
224
224
224
224
218
218
218
218
218
226
226
226
226
226
224
224
224
224
224
224
217
217
217
217
217
222
222
222
222
222
224
224
224
224
224
224
220
220
220
220
220
221
221
221
221
221
220
220
220
220
220
220
212
212
212
212
212
213
213
213
213
213
225
225
225
225
225
225
222
222
222
222
222
219
219
219
219
219
221
221
221
221
221
221
230
230
230
230
230
228
228
228
228
228
227
227
227
227
227
227
227
227
227
227
227
239
239
239
239
239
224
224
224
224
224
224
224
224
224
224
224
230
230
230
230
230
230
230
230
230
230
230
228
228
228
228
228
222
222
222
222
222
230
230
230
230
230
230
216
216
216
216
216
222
222
222
222
222
229
229
229
229
229
229
219
219
219
219
219
220
220
220
220
220
224
224
224
224
224
224
218
218
218
218
218
216
216
216
216
216
212
212
212
212
212
212
223
223
223
223
223
218
218
218
218
218
216
216
216
216
216
216
216
216
216
216
216
211
211
211
211
211
224
224
224
224
224
224
216
216
216
216
216
223
223
223
223
223
227
227
227
227
227
227
218
218
218
218
218
220
220
220
220
220
215
215
215
215
215
215
216
216
216
216
216
221
221
221
221
221
222
222
222
222
222
222
221
221
221
221
221
217
217
217
217
217
216
216
216
216
216
216
211
211
211
211
211
222
222
222
222
222
220
220
220
220
220
220
210
210
210
210
210
215
215
215
215
215
215
215
215
215
215
215
227
227
227
227
227
220
220
220
220
220
205
205
205
205
205
205
216
216
216
216
216
216
216
216
216
216
215
215
215
215
215
215
213
213
213
213
213
216
216
216
216
216
213
213
213
213
213
213
205
205
205
205
205
200
200
200
200
200
211
211
211
211
211
211
208
208
208
208
208
209
209
209
209
209
207
207
207
207
207
207
202
202
202
202
202
201
201
201
201
201
205
205
205
205
205
205
206
206
206
206
206
204
204
204
204
204
204
204
204
204
204
204
204
204
204
204
204
207
207
207
207
207
206
206
206
206
206
206
214
214
214
214
214
201
201
201
201
201
212
212
212
212
212
212
210
210
210
210
210
211
211
211
211
211
211
211
211
211
211
211
209
209
209
209
209
207
207
207
207
207
211
211
211
211
211
211
206
206
206
206
206
200
200
200
200
200
211
211
211
211
211
211
207
207
207
207
207
213
213
213
213
213
208
208
208
208
208
208
210
210
210
210
210
205
205
205
205
205
208
208
208
208
208
208
201
201
201
201
201
206
206
206
206
206
200
200
200
200
200
200
205
205
205
205
205
199
199
199
199
199
203
203
203
203
203
203
194
194
194
194
194
204
204
204
204
204
197
197
197
197
197
197
195
195
195
195
195
202
202
202
202
202
199
199
199
199
199
199
196
196
196
196
196
201
201
201
201
201
204
204
204
204
204
204
194
194
194
194
194
206
206
206
206
206
199
199
199
199
199
199
191
191
191
191
191
197
197
197
197
197
197
197
197
197
197
197
189
189
189
189
189
194
194
194
194
194
198
198
198
198
198
198
191
191
191
191
191
197
197
197
197
197
193
193
193
193
193
193
200
200
200
200
200
192
192
192
192
192
196
196
196
196
196
196
194
194
194
194
194
201
201
201
201
201
200
200
200
200
200
200
196
196
196
196
196
198
198
198
198
198
199
199
199
199
199
199
202
202
202
202
202
200
200
200
200
200
200
200
200
200
200
200
201
201
201
201
201
196
196
196
196
196
203
203
203
203
203
203
195
195
195
195
195
198
198
198
198
198
198
198
198
198
198
198
204
204
204
204
204
194
194
194
194
194
206
206
206
206
206
206
199
199
199
199
199
200
200
200
200
200
200
200
200
200
200
200
195
195
195
195
195
210
210
210
210
210
201
201
201
201
201
201
201
201
201
201
201
204
204
204
204
204
202
202
202
202
202
202
199
199
199
199
199
200
200
200
200
200
198
198
198
198
198
198
203
203
203
203
203
210
210
210
210
210
206
206
206
206
206
206
208
208
208
208
208
212
212
212
212
212
214
214
214
214
214
214
205
205
205
205
205
213
213
213
213
213
205
205
205
205
205
205
205
205
205
205
205
207
207
207
207
207
210
210
210
210
210
210
206
206
206
206
206
211
211
211
211
211
209
209
209
209
209
209
210
210
210
210
210
210
210
210
210
210
212
212
212
212
212
212
213
213
213
213
213
203
203
203
203
203
214
214
214
214
214
214
216
216
216
216
216
213
213
213
213
213
214
214
214
214
214
214
214
214
214
214
214
215
215
215
215
215
209
209
209
209
209
209
215
215
215
215
215
211
211
211
211
211
217
217
217
217
217
217
210
210
210
210
210
213
213
213
213
213
212
212
212
212
212
212
220
220
220
220
220
211
211
211
211
211
213
213
213
213
213
213
223
223
223
223
223
219
219
219
219
219
220
220
220
220
220
220
218
218
218
218
218
222
222
222
222
222
216
216
216
216
216
216
224
224
224
224
224
217
217
217
217
217
219
219
219
219
219
219
218
218
218
218
218
224
224
224
224
224
218
218
218
218
218
218
219
219
219
219
219
228
228
228
228
228
226
226
226
226
226
226
227
227
227
227
227
222
222
222
222
222
222
222
222
222
222
222
215
215
215
215
215
222
222
222
222
222
223
223
223
223
223
223
225
225
225
225
225
221
221
221
221
221
224
224
224
224
224
224
237
237
237
237
237
221
221
221
221
221
230
230
230
230
230
230
225
225
225
225
225
222
222
222
222
222
222
222
222
222
222
222
227
227
227
227
227
226
226
226
226
226
229
229
229
229
229
229
226
226
226
226
226
221
221
221
221
221
219
219
219
219
219
219
229
229
229
229
229
229
229
229
229
229
226
226
226
226
226
226
230
230
230
230
230
228
228
228
228
228
230
230
230
230
230
230
233
233
233
233
233
230
230
230
230
230
218
218
218
218
218
218
225
225
225
225
225
230
230
230
230
230
227
227
227
227
227
227
219
219
219
219
219
227
227
227
227
227
226
226
226
226
226
226
232
232
232
232
232
219
219
219
219
219
218
218
218
218
218
218
213
213
213
213
213
223
223
223
223
223
224
224
224
224
224
224
218
218
218
218
218
221
221
221
221
221
215
215
215
215
215
215
223
223
223
223
223
218
218
218
218
218
222
222
222
222
222
222
217
217
217
217
217
230
230
230
230
230
217
217
217
217
217
217
223
223
223
223
223
224
224
224
224
224
224
224
224
224
224
224
234
234
234
234
234
219
219
219
219
219
225
225
225
225
225
225
215
215
215
215
215
225
225
225
225
225
219
219
219
219
219
219
220
220
220
220
220
214
214
214
214
214
220
220
220
220
220
220
216
216
216
216
216
221
221
221
221
221
220
220
220
220
220
220
215
215
215
215
215
218
218
218
218
218
218
218
218
218
218
218
220
220
220
220
220
222
222
222
222
222
216
216
216
216
216
216
224
224
224
224
224
219
219
219
219
219
223
223
223
223
223
223
219
219
219
219
219
226
226
226
226
226
229
229
229
229
229
229
218
218
218
218
218
211
211
211
211
211
215
215
215
215
215
215
220
220
220
220
220
217
217
217
217
217
213
213
213
213
213
213
220
220
220
220
220
218
218
218
218
218
217
217
217
217
217
217
221
221
221
221
221
222
222
222
222
222
223
223
223
223
223
223
220
220
220
220
220
218
218
218
218
218
224
224
224
224
224
224
227
227
227
227
227
233
233
233
233
233
226
226
226
226
226
226
225
225
225
225
225
227
227
227
227
227
218
218
218
218
218
218
215
215
215
215
215
218
218
218
218
218
214
214
214
214
214
214
215
215
215
215
215
221
221
221
221
221
213
213
213
213
213
213
219
219
219
219
219
213
213
213
213
213
222
222
222
222
222
222
211
211
211
211
211
216
216
216
216
216
229
229
229
229
229
229
206
206
206
206
206
219
219
219
219
219
218
218
218
218
218
218
219
219
219
219
219
220
220
220
220
220
220
220
220
220
220
220
212
212
212
212
212
205
205
205
205
205
213
213
213
213
213
213
221
221
221
221
221
212
212
212
212
212
220
220
220
220
220
220
218
218
218
218
218
218
218
218
218
218
218
218
218
218
218
218
217
217
217
217
217
215
215
215
215
215
216
216
216
216
216
216
216
216
216
216
216
210
210
210
210
210
214
214
214
214
214
214
212
212
212
212
212
221
221
221
221
221
218
218
218
218
218
218
213
213
213
213
213
210
210
210
210
210
216
216
216
216
216
216
215
215
215
215
215
211
211
211
211
211
220
220
220
220
220
220
213
213
213
213
213
214
214
214
214
214
205
205
205
205
205
205
212
212
212
212
212
210
210
210
210
210
210
210
210
210
210
210
208
208
208
208
208
212
212
212
212
212
213
213
213
213
213
213
209
209
209
209
209
209
209
209
209
209
206
206
206
206
206
206
215
215
215
215
215
208
208
208
208
208
222
222
222
222
222
222
213
213
213
213
213
210
210
210
210
210
212
212
212
212
212
212
217
217
217
217
217
212
212
212
212
212
216
216
216
216
216
216
200
200
200
200
200
206
206
206
206
206
212
212
212
212
212
212
204
204
204
204
204
211
211
211
211
211
206
206
206
206
206
206
211
211
211
211
211
210
210
210
210
210
208
208
208
208
208
208
220
220
220
220
220
212
212
212
212
212
211
211
211
211
211
211
200
200
200
200
200
212
212
212
212
212
215
215
215
215
215
215
208
208
208
208
208
216
216
216
216
216
210
210
210
210
210
210
213
213
213
213
213
220
220
220
220
220
213
213
213
213
213
213
211
211
211
211
211
216
216
216
216
216
214
214
214
214
214
214
216
216
216
216
216
217
217
217
217
217
214
214
214
214
214
214
204
204
204
204
204
212
212
212
212
212
207
207
207
207
207
207
211
211
211
211
211
208
208
208
208
208
204
204
204
204
204
204
209
209
209
209
209
219
219
219
219
219
223
223
223
223
223
223
211
211
211
211
211
216
216
216
216
216
210
210
210
210
210
210
207
207
207
207
207
207
207
207
207
207
209
209
209
209
209
209
219
219
219
219
219
220
220
220
220
220
217
217
217
217
217
217
217
217
217
217
217
215
215
215
215
215
217
217
217
217
217
217
214
214
214
214
214
212
212
212
212
212
214
214
214
214
214
214
211
211
211
211
211
216
216
216
216
216
210
210
210
210
210
210
210
210
210
210
210
213
213
213
213
213
206
206
206
206
206
206
213
213
213
213
213
211
211
211
211
211
201
201
201
201
201
201
207
207
207
207
207
214
214
214
214
214
212
212
212
212
212
212
203
203
203
203
203
204
204
204
204
204
205
205
205
205
205
205
203
203
203
203
203
205
205
205
205
205
208
208
208
208
208
208
217
217
217
217
217
208
208
208
208
208
207
207
207
207
207
207
216
216
216
216
216
209
209
209
209
209
212
212
212
212
212
212
211
211
211
211
211
216
216
216