212
212
212
212
220
220
220
220
220
222
222
222
222
222
213
213
213
213
213
213
221
221
221
221
221
225
225
225
225
225
215
215
215
215
215
215
223
223
223
223
223
212
212
212
212
212
217
217
217
217
217
217
225
225
225
225
225
220
220
220
220
220
219
219
219
219
219
219
216
216
216
216
216
218
218
218
218
218
220
220
220
220
220
220
209
209
209
209
209
222
222
222
222
222
219
219
219
219
219
219
214
214
214
214
214
230
230
230
230
230
221
221
221
221
221
221
217
217
217
217
217
222
222
222
222
222
218
218
218
218
218
218
216
216
216
216
216
218
218
218
218
218
222
222
222
222
222
222
214
214
214
214
214
217
217
217
217
217
224
224
224
224
224
224
222
222
222
222
222
216
216
216
216
216
215
215
215
215
215
215
222
222
222
222
222
226
226
226
226
226
221
221
221
221
221
221
218
218
218
218
218
211
211
211
211
211
230
230
230
230
230
230
210
210
210
210
210
223
223
223
223
223
219
219
219
219
219
219
220
220
220
220
220
215
215
215
215
215
215
215
215
215
215
215
222
222
222
222
222
212
212
212
212
212
218
218
218
218
218
218
219
219
219
219
219
215
215
215
215
215
221
221
221
221
221
221
220
220
220
220
220
221
221
221
221
221
219
219
219
219
219
219
221
221
221
221
221
214
214
214
214
214
217
217
217
217
217
217
208
208
208
208
208
222
222
222
222
222
214
214
214
214
214
214
213
213
213
213
213
224
224
224
224
224
231
231
231
231
231
231
225
225
225
225
225
223
223
223
223
223
225
225
225
225
225
225
222
222
222
222
222
225
225
225
225
225
216
216
216
216
216
216
230
230
230
230
230
213
213
213
213
213
217
217
217
217
217
217
220
220
220
220
220
230
230
230
230
230
220
220
220
220
220
220
221
221
221
221
221
212
212
212
212
212
208
208
208
208
208
208
217
217
217
217
217
224
224
224
224
224
227
227
227
227
227
227
221
221
221
221
221
222
222
222
222
222
213
213
213
213
213
213
226
226
226
226
226
222
222
222
222
222
227
227
227
227
227
227
218
218
218
218
218
215
215
215
215
215
223
223
223
223
223
223
216
216
216
216
216
223
223
223
223
223
215
215
215
215
215
215
219
219
219
219
219
228
228
228
228
228
211
211
211
211
211
211
223
223
223
223
223
210
210
210
210
210
218
218
218
218
218
218
221
221
221
221
221
216
216
216
216
216
223
223
223
223
223
223
222
222
222
222
222
224
224
224
224
224
223
223
223
223
223
223
219
219
219
219
219
217
217
217
217
217
217
217
217
217
217
217
208
208
208
208
208
216
216
216
216
216
214
214
214
214
214
214
217
217
217
217
217
222
222
222
222
222
220
220
220
220
220
220
219
219
219
219
219
224
224
224
224
224
228
228
228
228
228
228
217
217
217
217
217
224
224
224
224
224
216
216
216
216
216
216
219
219
219
219
219
230
230
230
230
230
218
218
218
218
218
218
221
221
221
221
221
221
221
221
221
221
231
231
231
231
231
231
228
228
228
228
228
224
224
224
224
224
221
221
221
221
221
221
224
224
224
224
224
214
214
214
214
214
215
215
215
215
215
215
216
216
216
216
216
222
222
222
222
222
220
220
220
220
220
220
216
216
216
216
216
226
226
226
226
226
215
215
215
215
215
215
221
221
221
221
221
224
224
224
224
224
219
219
219
219
219
219
219
219
219
219
219
226
226
226
226
226
216
216
216
216
216
216
216
216
216
216
216
224
224
224
224
224
223
223
223
223
223
223
233
233
233
233
233
214
214
214
214
214
218
218
218
218
218
218
213
213
213
213
213
227
227
227
227
227
218
218
218
218
218
218
222
222
222
222
222
215
215
215
215
215
217
217
217
217
217
217
222
222
222
222
222
221
221
221
221
221
231
231
231
231
231
231
222
222
222
222
222
232
232
232
232
232
226
226
226
226
226
226
219
219
219
219
219
223
223
223
223
223
224
224
224
224
224
224
221
221
221
221
221
222
222
222
222
222
233
233
233
233
233
233
215
215
215
215
215
224
224
224
224
224
221
221
221
221
221
221
230
230
230
230
230
213
213
213
213
213
220
220
220
220
220
220
225
225
225
225
225
226
226
226
226
226
223
223
223
223
223
223
221
221
221
221
221
207
207
207
207
207
232
232
232
232
232
232
222
222
222
222
222
218
218
218
218
218
229
229
229
229
229
229
228
228
228
228
228
225
225
225
225
225
226
226
226
226
226
226
214
214
214
214
214
222
222
222
222
222
222
222
222
222
222
222
226
226
226
226
226
213
213
213
213
213
228
228
228
228
228
228
212
212
212
212
212
229
229
229
229
229
225
225
225
225
225
225
227
227
227
227
227
219
219
219
219
219
226
226
226
226
226
226
218
218
218
218
218
216
216
216
216
216
227
227
227
227
227
227
229
229
229
229
229
215
215
215
215
215
212
212
212
212
212
212
220
220
220
220
220
228
228
228
228
228
238
238
238
238
238
238
231
231
231
231
231
234
234
234
234
234
231
231
231
231
231
231
226
226
226
226
226
226
226
226
226
226
227
227
227
227
227
227
218
218
218
218
218
229
229
229
229
229
228
228
228
228
228
228
229
229
229
229
229
234
234
234
234
234
229
229
229
229
229
229
233
233
233
233
233
228
228
228
228
228
228
228
228
228
228
228
228
228
228
228
228
222
222
222
222
222
226
226
226
226
226
226
227
227
227
227
227
231
231
231
231
231
223
223
223
223
223
223
220
220
220
220
220
220
220
220
220
220
222
222
222
222
222
222
233
233
233
233
233
227
227
227
227
227
222
222
222
222
222
222
227
227
227
227
227
227
227
227
227
227
231
231
231
231
231
231
230
230
230
230
230
223
223
223
223
223
240
240
240
240
240
240
231
231
231
231
231
229
229
229
229
229
241
241
241
241
241
241
234
234
234
234
234
227
227
227
227
227
229
229
229
229
229
229
237
237
237
237
237
229
229
229
229
229
232
232
232
232
232
232
237
237
237
237
237
223
223
223
223
223
232
232
232
232
232
232
227
227
227
227
227
234
234
234
234
234
228
228
228
228
228
228
230
230
230
230
230
237
237
237
237
237
222
222
222
222
222
222
216
216
216
216
216
234
234
234
234
234
224
224
224
224
224
224
244
244
244
244
244
234
234
234
234
234
232
232
232
232
232
232
236
236
236
236
236
237
237
237
237
237
234
234
234
234
234
234
232
232
232
232
232
242
242
242
242
242
230
230
230
230
230
230
242
242
242
242
242
235
235
235
235
235
236
236
236
236
236
236
239
239
239
239
239
233
233
233
233
233
242
242
242
242
242
242
232
232
232
232
232
238
238
238
238
238
234
234
234
234
234
234
245
245
245
245
245
239
239
239
239
239
244
244
244
244
244
244
246
246
246
246
246
238
238
238
238
238
236
236
236
236
236
236
235
235
235
235
235
239
239
239
239
239
232
232
232
232
232
232
238
238
238
238
238
243
243
243
243
243
242
242
242
242
242
242
243
243
243
243
243
230
230
230
230
230
240
240
240
240
240
240
240
240
240
240
240
235
235
235
235
235
243
243
243
243
243
243
238
238
238
238
238
231
231
231
231
231
242
242
242
242
242
242
236
236
236
236
236
231
231
231
231
231
224
224
224
224
224
224
226
226
226
226
226
210
210
210
210
210
220
220
220
220
220
220
221
221
221
221
221
221
221
221
221
221
217
217
217
217
217
217
206
206
206
206
206
208
208
208
208
208
201
201
201
201
201
201
202
202
202
202
202
204
204
204
204
204
201
201
201
201
201
201
197
197
197
197
197
195
195
195
195
195
207
207
207
207
207
207
197
197
197
197
197
200
200
200
200
200
198
198
198
198
198
198
203
203
203
203
203
210
210
210
210
210
208
208
208
208
208
208
206
206
206
206
206
206
206
206
206
206
206
206
206
206
206
206
203
203
203
203
203
197
197
197
197
197
190
190
190
190
190
190
184
184
184
184
184
180
180
180
180
180
178
178
178
178
178
178
175
175
175
175
175
178
178
178
178
178
176
176
176
176
176
176
177
177
177
177
177
186
186
186
186
186
200
200
200
200
200
200
253
253
253
253
253
1112
1112
1112
1112
1112
3508
3508
3508
3508
3508
3508
4095
4095
4095
4095
4095
4095
4095
4095
4095
4095
4095
4095
4095
4095
4095
4095
4095
4095
4095
4095
4095
4095
4095
4095
4095
4095
4095
4095
4095
4095
4095
4095
2477
2477
2477
2477
2477
449
449
449
449
449
215
215
215
215
215
215
185
185
185
185
185
173
173
173
173
173
173
173
173
173
173
173
171
171
171
171
171
175
175
175
175
175
175
175
175
175
175
175
178
178
178
178
178
185
185
185
185
185
188
188
188
188
188
188
206
206
206
206
206
216
216
216
216
216
229
229
229
229
229
229
256
256
256
256
256
266
266
266
266
266
254
254
254
254
254
254
238
238
238
238
238
222
222
222
222
222
219
219
219
219
219
219
210
210
210
210
210
210
210
210
210
210
215
215
215
215
215
215
219
219
219
219
219
235
235
235
235
235
251
251
251
251
251
251
278
278
278
278
278
348
348
348
348
348
449
449
449
449
449
449
567
567
567
567
567
662
662
662
662
662
604
604
604
604
604
604
561
561
561
561
561
427
427
427
427
427
327
327
327
327
327
327
273
273
273
273
273
256
256
256
256
256
228
228
228
228
228
228
228
228
228
228
228
217
217
217
217
217
220
220
220
220
220
220
225
225
225
225
225
244
244
244
244
244
283
283
283
283
283
283
383
383
383
383
383
618
618
618
618
618
929
929
929
929
929
929
1006
1006
1006
1006
1006
894
894
894
894
894
585
585
585
585
585
585
361
361
361
361
361
270
270
270
270
270
233
233
233
233
233
233
215
215
215
215
215
209
209
209
209
209
209
209
209
209
209
209
204
204
204
204
204
207
207
207
207
207
215
215
215
215
215
215
230
230
230
230
230
237
237
237
237
237
274
274
274
274
274
274
310
310
310
310
310
375
375
375
375
375
424
424
424
424
424
424
447
447
447
447
447
403
403
403
403
403
341
341
341
341
341
341
304
304
304
304
304
275
275
275
275
275
248
248
248
248
248
248
245
245
245
245
245
248
248
248
248
248
244
244
244
244
244
244
259
259
259
259
259
252
252
252
252
252
239
239
239
239
239
239
238
238
238
238
238
220
220
220
220
220
216
216
216
216
216
216
209
209
209
209
209
205
205
205
205
205
203
203
203
203
203
203
207
207
207
207
207
207
207
207
207
207
217
217
217
217
217
217
223
223
223
223
223
228
228
228
228
228
228
228
228
228
228
228
221
221
221
221
221
225
225
225
225
225
215
215
215
215
215
215
221
221
221
221
221
214
214
214
214
214
218
218
218
218
218
218
212
212
212
212
212
212
212
212
212
212
216
216
216
216
216
216
215
215
215
215
215
223
223
223
223
223
228
228
228
228
228
228
239
239
239
239
239
238
238
238
238
238
248
248
248
248
248
248
256
256
256
256
256
252
252
252
252
252
244
244
244
244
244
244
255
255
255
255
255
250
250
250
250
250
236
236
236
236
236
236
241
241
241
241
241
229
229
229
229
229
231
231
231
231
231
231
221
221
221
221
221
224
224
224
224
224
229
229
229
229
229
229
224
224
224
224
224
226
226
226
226
226
224
224
224
224
224
224
243
243
243
243
243
251
251
251
251
251
271
271
271
271
271
271
284
284
284
284
284
286
286
286
286
286
289
289
289
289
289
289
297
297
297
297
297
285
285
285
285
285
283
283
283
283
283
283
271
271
271
271
271
271
271
271
271
271
276
276
276
276
276
276
243
243
243
243
243
244
244
244
244
244
235
235
235
235
235
235
229
229
229
229
229
229
229
229
229
229
224
224
224
224
224
224
223
223
223
223
223
224
224
224
224
224
213
213
213
213
213
213
214
214
214
214
214
214
214
214
214
214
207
207
207
207
207
207
197
197
197
197
197
202
202
202
202
202
196
196
196
196
196
196
203
203
203
203
203
198
198
198
198
198
192
192
192
192
192
192
195
195
195
195
195
198
198
198
198
198
202
202
202
202
202
202
206
206
206
206
206
199
199
199
199
199
208
208
208
208
208
208
205
205
205
205
205
200
200
200
200
200
200
200
200
200
200
200
215
215
215
215
215
213
213
213
213
213
203
203
203
203
203
203
208
208
208
208
208
206
206
206
206
206
206
206
206
206
206
206
211
211
211
211
211
212
212
212
212
212
223
223
223
223
223
223
223
223
223
223
223
222
222
222
222
222
221
221
221
221
221
221
225
225
225
225
225
228
228
228
228
228
217
217
217
217
217
217
222
222
222
222
222
215
215
215
215
215
223
223
223
223
223
223
208
208
208
208
208
220
220
220
220
220
225
225
225
225
225
225
216
216
216
216
216
221
221
221
221
221
207
207
207
207
207
207
211
211
211
211
211
203
203
203
203
203
199
199
199
199
199
199
203
203
203
203
203
199
199
199
199
199
201
201
201
201
201
201
196
196
196
196
196
200
200
200
200
200
203
203
203
203
203
203
209
209
209
209
209
212
212
212
212
212
201
201
201
201
201
201
217
217
217
217
217
208
208
208
208
208
218
218
218
218
218
218
206
206
206
206
206
215
215
215
215
215
202
202
202
202
202
202
203
203
203
203
203
214
214
214
214
214
201
201
201
201
201
201
211
211
211
211
211
203
203
203
203
203
208
208
208
208
208
208
213
213
213
213
213
212
212
212
212
212
210
210
210
210
210
210
223
223
223
223
223
221
221
221
221
221
215
215
215
215
215
215
207
207
207
207
207
201
201
201
201
201
212
212
212
212
212
212
199
199
199
199
199
198
198
198
198
198
205
205
205
205
205
205
207
207
207
207
207
202
202
202
202
202
217
217
217
217
217
217
211
211
211
211
211
210
210
210
210
210
221
221
221
221
221
221
223
223
223
223
223
213
213
213
213
213
227
227
227
227
227
227
220
220
220
220
220
222
222
222
222
222
217
217
217
217
217
217
224
224
224
224
224
218
218
218
218
218
211
211
211
211
211
211
227
227
227
227
227
221
221
221
221
221
237
237
237
237
237
237
227
227
227
227
227
231
231
231
231
231
223
223
223
223
223
223
230
230
230
230
230
239
239
239
239
239
235
235
235
235
235
235
229
229
229
229
229
218
218
218
218
218
224
224
224
224
224
224
230
230
230
230
230
234
234
234
234
234
228
228
228
228
228
228
227
227
227
227
227
242
242
242
242
242
244
244
244
244
244
244
262
262
262
262
262
266
266
266
266
266
259
259
259
259
259
259
270
270
270
270
270
249
249
249
249
249
259
259
259
259
259
259
259
259
259
259
259
272
272
272
272
272
250
250
250
250
250
250
260
260
260
260
260
245
245
245
245
245
244
244
244
244
244
244
243
243
243
243
243
244
244
244
244
244
249
249
249
249
249
249
253
253
253
253
253
259
259
259
259
259
267
267
267
267
267
267
253
253
253
253
253
277
277
277
277
277
286
286
286
286
286
286
295
295
295
295
295
284
284
284
284
284
295
295
295
295
295
295
291
291
291
291
291
285
285
285
285
285
283
283
283
283
283
283
280
280
280
280
280
286
286
286
286
286
273
273
273
273
273
273
268
268
268
268
268
256
256
256
256
256
262
262
262
262
262
262
249
249
249
249
249
265
265
265
265
265
255
255
255
255
255
255
271
271
271
271
271
261
261
261
261
261
263
263
263
263
263
263
261
261
261
261
261
275
275
275
275
275
256
256
256
256
256
256
242
242
242
242
242
248
248
248
248
248
239
239
239
239
239
239
240
240
240
240
240
244
244
244
244
244
242
242
242
242
242
242
241
241
241
241
241
243
243
243
243
243
244
244
244
244
244
244
239
239
239
239
239
245
245
245
245
245
252
252
252
252
252
252
250
250
250
250
250
246
246
246
246
246
249
249
249
249
249
249
256
256
256
256
256
246
246
246
246
246
253
253
253
253
253
253
248
248
248
248
248
245
245
245
245
245
251
251
251
251
251
251
236
236
236
236
236
238
238
238
238
238
242
242
242
242
242
242
230
230
230
230
230
238
238
238
238
238
235
235
235
235
235
235
240
240
240
240
240
237
237
237
237
237
232
232
232
232
232
232
228
228
228
228
228
230
230
230
230
230
227
227
227
227
227
227
220
220
220
220
220
226
226
226
226
226
223
223
223
223
223
223
219
219
219
219
219
218
218
218
218
218
219
219
219
219
219
219
205
205
205
205
205
213
213
213
213
213
219
219
219
219
219
219
219
219
219
219
219
224
224
224
224
224
213
213
213
213
213
213
226
226
226
226
226
222
222
222
222
222
230
230
230
230
230
230
241
241
241
241
241
239
239
239
239
239
234
234
234
234
234
234
233
233
233
233
233
231
231
231
231
231
236
236
236
236
236
236
235
235
235
235
235
237
237
237
237
237
233
233
233
233
233
233
220
220
220
220
220
232
232
232
232
232
234
234
234
234
234
234
240
240
240
240
240
236
236
236
236
236
240
240
240
240
240
240
244
244
244
244
244
241
241
241
241
241
255
255
255
255
255
255
243
243
243
243
243
242
242
242
242
242
249
249
249
249
249
249
244
244
244
244
244
249
249
249
249
249
242
242
242
242
242
242
232
232
232
232
232
237
237
237
237
237
248
248
248
248
248
248
238
238
238
238
238
249
249
249
249
249
247
247
247
247
247
247
260
260
260
260
260
252
252
252
252
252
252
252
252
252
252
252
251
251
251
251
251
251
251
251
251
251
240
240
240
240
240
240
240
240
240
240
240
243
243
243
243
243
241
241
241
241
241
241
232
232
232
232
232
233
233
233
233
233
236
236
236
236
236
236
235
235
235
235
235
239
239
239
239
239
229
229
229
229
229
229
233
233
233
233
233
230
230
230
230
230
231
231
231
231
231
231
238
238
238
238
238
227
227
227
227
227
232
232
232
232
232
232
223
223
223
223
223
226
226
226
226
226
218
218
218
218
218
218
220
220
220
220
220
218
218
218
218
218
226
226
226
226
226
226
223
223
223
223
223
218
218
218
218
218
221
221
221
221
221
221
224
224
224
224
224
225
225
225
225
225
240
240
240
240
240
240
235
235
235
235
235
233
233
233
233
233
225
225
225
225
225
225
228
228
228
228
228
233
233
233
233
233
220
220
220
220
220
220
230
230
230
230
230
232
232
232
232
232
229
229
229
229
229
229
226
226
226
226
226
236
236
236
236
236
225
225
225
225
225
225
230
230
230
230
230
225
225
225
225
225
228
228
228
228
228
228
226
226
226
226
226
225
225
225
225
225
233
233
233
233
233
233
236
236
236
236
236
228
228
228
228
228
228
228
228
228
228
228
225
225
225
225
225
238
238
238
238
238
227
227
227
227
227
227
231
231
231
231
231
232
232
232
232
232
220
220
220
220
220
220
231
231
231
231
231
228
228
228
228
228
222
222
222
222
222
222
228
228
228
228
228
215
215
215
215
215
230
230
230
230
230
230
214
214
214
214
214
224
224
224
224
224
216
216
216
216
216
216
215
215
215
215
215
210
210
210
210
210
221
221
221
221
221
221
217
217
217
217
217
208
208
208
208
208
219
219
219
219
219
219
215
215
215
215
215
216
216
216
216
216
207
207
207
207
207
207
209
209
209
209
209
211
211
211
211
211
209
209
209
209
209
209
206
206
206
206
206
205
205
205
205
205
208
208
208
208
208
208
208
208
208
208
208
207
207
207
207
207
207
207
207
207
207
207
213
213
213
213
213
214
214
214
214
214
211
211
211
211
211
211
205
205
205
205
205
213
213
213
213
213
208
208
208
208
208
208
205
205
205
205
205
203
203
203
203
203
209
209
209
209
209
209
207
207
207
207
207
213
213
213
213
213
209
209
209
209
209
209
208
208
208
208
208
207
207
207
207
207
210
210
210
210
210
210
207
207
207
207
207
199
199
199
199
199
207
207
207
207
207
207
203
203
203
203
203
203
203
203
203
203
212
212
212
212
212
212
200
200
200
200
200
203
203
203
203
203
204
204
204
204
204
204
205
205
205
205
205
209
209
209
209
209
209
209
209
209
209
209
201
201
201
201
201
205
205
205
205
205
202
202
202
202
202
202
203
203
203
203
203
203
203
203
203
203
204
204
204
204
204
204
196
196
196
196
196
206
206
206
206
206
204
204
204
204
204
204
211
211
211
211
211
210
210
210
210
210
207
207
207
207
207
207
211
211
211
211
211
208
208
208
208
208
208
208
208
208
208
208
209
209
209
209
209
201
201
201
201
201
205
205
205
205
205
205
208
208
208
208
208
199
199
199
199
199
212
212
212
212
212
212
201
201
201
201
201
211
211
211
211
211
201
201
201
201
201
201
203
203
203
203
203
205
205
205
205
205
198
198
198
198
198
198
203
203
203
203
203
202
202
202
202
202
202
202
202
202
202
202
203
203
203
203
203
200
200
200
200
200
203
203
203
203
203
203
199
199
199
199
199
205
205
205
205
205
203
203
203
203
203
203
207
207
207
207
207
204
204
204
204
204
204
204
204
204
204
204
198
198
198
198
198
197
197
197
197
197
206
206
206
206
206
206
204
204
204
204
204
205
205
205
205
205
211
211
211
211
211
211
216
216
216
216
216
205
205
205
205
205
202
202
202
202
202
202
211
211
211
211
211
204
204
204
204
204
207
207
207
207
207
207
202
202
202
202
202
206
206
206
206
206
205
205
205
205
205
205
203
203
203
203
203
208
208
208
208
208
213
213
213
213
213
213
211
211
211
211
211
207
207
207
207
207
216
216
216
216
216
216
217
217
217
217
217
209
209
209
209
209
215
215
215
215
215
215
213
213
213
213
213
214
214
214
214
214
207
207
207
207
207
207
218
218
218
218
218
215
215
215
215
215
217
217
217
217
217
217
216
216
216
216
216
216
216
216
216
216
214
214
214
214
214
214
217
217
217
217
217
225
225
225
225
225
216
216
216
216
216
216
221
221
221
221
221
219
219
219
219
219
222
222
222
222
222
222
218
218
218
218
218
217
217
217
217
217
222
222
222
222
222
222
222
222
222
222
222
216
216
216
216
216
220
220
220
220
220
220
215
215
215
215
215
227
227
227
227
227
218
218
218
218
218
218
227
227
227
227
227
232
232
232
232
232
220
220
220
220
220
220
226
226
226
226
226
224
224
224
224
224
218
218
218
218
218
218
228
228
228
228
228
235
235
235
235
235
238
238
238
238
238
238
228
228
228
228
228
218
218
218
218
218
220
220
220
220
220
220
217
217
217
217
217
215
215
215
215
215
222
222
222
222
222
222
233
233
233