205
205
205
205
204
204
204
204
204
205
205
205
205
205
205
204
204
204
204
204
203
203
203
203
203
202
202
202
202
202
202
205
205
205
205
205
212
212
212
212
212
209
209
209
209
209
209
216
216
216
216
216
206
206
206
206
206
215
215
215
215
215
215
215
215
215
215
215
217
217
217
217
217
216
216
216
216
216
216
199
199
199
199
199
213
213
213
213
213
213
213
213
213
213
213
216
216
216
216
216
234
234
234
234
234
234
234
234
234
234
234
243
243
243
243
243
255
255
255
255
255
256
256
256
256
256
256
266
266
266
266
266
255
255
255
255
255
251
251
251
251
251
251
232
232
232
232
232
234
234
234
234
234
222
222
222
222
222
222
214
214
214
214
214
211
211
211
211
211
212
212
212
212
212
212
209
209
209
209
209
206
206
206
206
206
209
209
209
209
209
209
208
208
208
208
208
212
212
212
212
212
213
213
213
213
213
213
206
206
206
206
206
207
207
207
207
207
212
212
212
212
212
212
199
199
199
199
199
198
198
198
198
198
195
195
195
195
195
195
188
188
188
188
188
196
196
196
196
196
188
188
188
188
188
188
192
192
192
192
192
185
185
185
185
185
183
183
183
183
183
183
187
187
187
187
187
183
183
183
183
183
179
179
179
179
179
179
178
178
178
178
178
181
181
181
181
181
183
183
183
183
183
183
183
183
183
183
183
187
187
187
187
187
190
190
190
190
190
190
192
192
192
192
192
189
189
189
189
189
205
205
205
205
205
205
222
222
222
222
222
251
251
251
251
251
328
328
328
328
328
328
890
890
890
890
890
2003
2003
2003
2003
2003
3290
3290
3290
3290
3290
3290
4095
4095
4095
4095
4095
4095
4095
4095
4095
4095
4095
4095
4095
4095
4095
4095
4095
4095
4095
4095
4095
4095
4095
4095
4095
4095
4090
4090
4090
4090
4090
4090
3218
3218
3218
3218
3218
1965
1965
1965
1965
1965
888
888
888
888
888
888
329
329
329
329
329
230
230
230
230
230
232
232
232
232
232
232
212
212
212
212
212
211
211
211
211
211
203
203
203
203
203
203
206
206
206
206
206
214
214
214
214
214
222
222
222
222
222
222
243
243
243
243
243
242
242
242
242
242
248
248
248
248
248
248
241
241
241
241
241
256
256
256
256
256
224
224
224
224
224
224
223
223
223
223
223
206
206
206
206
206
194
194
194
194
194
194
194
194
194
194
194
195
195
195
195
195
193
193
193
193
193
193
186
186
186
186
186
194
194
194
194
194
196
196
196
196
196
196
202
202
202
202
202
205
205
205
205
205
220
220
220
220
220
220
231
231
231
231
231
250
250
250
250
250
242
242
242
242
242
242
259
259
259
259
259
273
273
273
273
273
273
273
273
273
273
273
260
260
260
260
260
238
238
238
238
238
252
252
252
252
252
252
242
242
242
242
242
235
235
235
235
235
222
222
222
222
222
222
228
228
228
228
228
229
229
229
229
229
226
226
226
226
226
226
228
228
228
228
228
243
243
243
243
243
252
252
252
252
252
252
268
268
268
268
268
273
273
273
273
273
253
253
253
253
253
253
248
248
248
248
248
231
231
231
231
231
224
224
224
224
224
224
226
226
226
226
226
228
228
228
228
228
224
224
224
224
224
224
216
216
216
216
216
219
219
219
219
219
216
216
216
216
216
216
214
214
214
214
214
227
227
227
227
227
227
227
227
227
227
227
228
228
228
228
228
226
226
226
226
226
231
231
231
231
231
231
235
235
235
235
235
223
223
223
223
223
239
239
239
239
239
239
231
231
231
231
231
226
226
226
226
226
218
218
218
218
218
218
232
232
232
232
232
240
240
240
240
240
246
246
246
246
246
246
254
254
254
254
254
264
264
264
264
264
260
260
260
260
260
260
255
255
255
255
255
231
231
231
231
231
230
230
230
230
230
230
214
214
214
214
214
219
219
219
219
219
201
201
201
201
201
201
202
202
202
202
202
195
195
195
195
195
200
200
200
200
200
200
197
197
197
197
197
199
199
199
199
199
200
200
200
200
200
200
209
209
209
209
209
210
210
210
210
210
205
205
205
205
205
205
213
213
213
213
213
217
217
217
217
217
215
215
215
215
215
215
209
209
209
209
209
226
226
226
226
226
210
210
210
210
210
210
220
220
220
220
220
208
208
208
208
208
199
199
199
199
199
199
205
205
205
205
205
211
211
211
211
211
205
205
205
205
205
205
209
209
209
209
209
199
199
199
199
199
202
202
202
202
202
202
200
200
200
200
200
204
204
204
204
204
202
202
202
202
202
202
195
195
195
195
195
207
207
207
207
207
199
199
199
199
199
199
201
201
201
201
201
199
199
199
199
199
199
199
199
199
199
199
200
200
200
200
200
194
194
194
194
194
194
194
194
194
194
194
193
193
193
193
193
201
201
201
201
201
201
201
201
201
201
201
194
194
194
194
194
204
204
204
204
204
197
197
197
197
197
197
203
203
203
203
203
198
198
198
198
198
198
198
198
198
198
198
199
199
199
199
199
198
198
198
198
198
203
203
203
203
203
203
194
194
194
194
194
200
200
200
200
200
200
200
200
200
200
200
196
196
196
196
196
195
195
195
195
195
188
188
188
188
188
188
201
201
201
201
201
203
203
203
203
203
206
206
206
206
206
206
202
202
202
202
202
201
201
201
201
201
198
198
198
198
198
198
195
195
195
195
195
208
208
208
208
208
201
201
201
201
201
201
198
198
198
198
198
207
207
207
207
207
199
199
199
199
199
199
201
201
201
201
201
201
201
201
201
201
202
202
202
202
202
202
200
200
200
200
200
204
204
204
204
204
197
197
197
197
197
197
206
206
206
206
206
202
202
202
202
202
203
203
203
203
203
203
195
195
195
195
195
201
201
201
201
201
200
200
200
200
200
200
198
198
198
198
198
201
201
201
201
201
204
204
204
204
204
204
197
197
197
197
197
204
204
204
204
204
196
196
196
196
196
196
204
204
204
204
204
200
200
200
200
200
197
197
197
197
197
197
202
202
202
202
202
202
202
202
202
202
201
201
201
201
201
201
200
200
200
200
200
204
204
204
204
204
207
207
207
207
207
207
201
201
201
201
201
202
202
202
202
202
196
196
196
196
196
196
202
202
202
202
202
195
195
195
195
195
200
200
200
200
200
200
199
199
199
199
199
204
204
204
204
204
196
196
196
196
196
196
199
199
199
199
199
202
202
202
202
202
199
199
199
199
199
199
202
202
202
202
202
203
203
203
203
203
200
200
200
200
200
200
204
204
204
204
204
202
202
202
202
202
206
206
206
206
206
206
209
209
209
209
209
208
208
208
208
208
199
199
199
199
199
199
202
202
202
202
202
205
205
205
205
205
208
208
208
208
208
208
202
202
202
202
202
199
199
199
199
199
194
194
194
194
194
194
204
204
204
204
204
200
200
200
200
200
206
206
206
206
206
206
206
206
206
206
206
195
195
195
195
195
197
197
197
197
197
197
192
192
192
192
192
202
202
202
202
202
202
202
202
202
202
202
204
204
204
204
204
202
202
202
202
202
208
208
208
208
208
208
206
206
206
206
206
213
213
213
213
213
208
208
208
208
208
208
207
207
207
207
207
207
207
207
207
207
202
202
202
202
202
202
208
208
208
208
208
202
202
202
202
202
213
213
213
213
213
213
207
207
207
207
207
207
207
207
207
207
207
207
207
207
207
207
214
214
214
214
214
205
205
205
205
205
214
214
214
214
214
214
205
205
205
205
205
212
212
212
212
212
216
216
216
216
216
216
216
216
216
216
216
210
210
210
210
210
219
219
219
219
219
219
215
215
215
215
215
215
215
215
215
215
225
225
225
225
225
225
211
211
211
211
211
208
208
208
208
208
204
204
204
204
204
204
209
209
209
209
209
206
206
206
206
206
206
206
206
206
206
206
213
213
213
213
213
216
216
216
216
216
211
211
211
211
211
211
208
208
208
208
208
213
213
213
213
213
213
213
213
213
213
213
209
209
209
209
209
213
213
213
213
213
213
213
213
213
213
213
200
200
200
200
200
203
203
203
203
203
216
216
216
216
216
216
206
206
206
206
206
210
210
210
210
210
206
206
206
206
206
206
211
211
211
211
211
209
209
209
209
209
216
216
216
216
216
216
223
223
223
223
223
215
215
215
215
215
213
213
213
213
213
213
210
210
210
210
210
219
219
219
219
219
225
225
225
225
225
225
225
225
225
225
225
223
223
223
223
223
219
219
219
219
219
219
219
219
219
219
219
222
222
222
222
222
217
217
217
217
217
217
222
222
222
222
222
219
219
219
219
219
218
218
218
218
218
218
224
224
224
224
224
215
215
215
215
215
220
220
220
220
220
220
223
223
223
223
223
219
219
219
219
219
229
229
229
229
229
229
227
227
227
227
227
217
217
217
217
217
220
220
220
220
220
220
225
225
225
225
225
228
228
228
228
228
227
227
227
227
227
227
213
213
213
213
213
215
215
215
215
215
219
219
219
219
219
219
217
217
217
217
217
218
218
218
218
218
217
217
217
217
217
217
227
227
227
227
227
218
218
218
218
218
230
230
230
230
230
230
242
242
242
242
242
230
230
230
230
230
230
230
230
230
230
230
219
219
219
219
219
235
235
235
235
235
225
225
225
225
225
225
237
237
237
237
237
222
222
222
237
237
237
237
237
237
229
229
229
229
229
228
228
228
228
228
232
232
232
232
232
232
234
234
234
234
234
240
240
240
240
240
251
251
251
251
251
251
252
252
252
252
252
250
250
250
250
250
256
256
256
256
256
256
252
252
252
252
252
241
241
241
241
241
248
248
248
248
248
248
242
242
242
242
242
235
235
235
235
235
241
241
241
241
241
241
245
245
245
245
245
234
234
234
234
234
242
242
242
242
242
242
242
242
242
242
242
234
234
234
234
234
244
244
244
244
244
244
241
241
241
241
241
233
233
233
233
233
241
241
241
241
241
241
236
236
236
236
236
245
245
245
245
245
243
243
243
243
243
243
234
234
234
234
234
243
243
243
243
243
236
236
236
236
236
236
239
239
239
239
239
224
224
224
224
224
237
237
237
237
237
237
229
229
229
229
229
237
237
237
237
237
246
246
246
246
246
246
235
235
235
235
235
248
248
248
248
248
240
240
240
240
240
240
252
252
252
252
252
255
255
255
255
255
264
264
264
264
264
264
268
268
268
268
268
263
263
263
263
263
266
266
266
266
266
266
263
263
263
263
263
261
261
261
261
261
242
242
242
242
242
242
247
247
247
247
247
253
253
253
253
253
247
247
247
247
247
247
252
252
252
252
252
248
248
248
248
248
248
248
248
248
248
248
250
250
250
250
250
263
263
263
263
263
273
273
273
273
273
273
271
271
271
271
271
284
284
284
284
284
279
279
279
279
279
279
280
280
280
280
280
285
285
285
285
285
277
277
277
277
277
277
273
273
273
273
273
275
275
275
275
275
270
270
270
270
270
279
279
279
279
279
266
266
266
266
266
259
259
259
259
259
259
275
275
275
275
275
282
282
282
282
282
282
282
282
282
282
282
279
279
279
279
279
286
286
286
286
286
320
320
320
320
320
320
299
299
299
299
299
281
281
281
281
281
273
273
273
273
273
273
280
280
280
280
280
277
277
277
277
277
261
261
261
261
261
261
259
259
259
259
259
254
254
254
254
254
263
263
263
263
263
263
257
257
257
257
257
261
261
261
261
261
257
257
257
257
257
257
262
262
262
262
262
273
273
273
273
273
248
248
248
248
248
248
264
264
264
264
264
257
257
257
257
257
259
259
259
259
259
259
262
262
262
262
262
247
247
247
247
247
248
248
248
248
248
248
237
237
237
237
237
252
252
252
252
252
235
235
235
235
235
235
250
250
250
250
250
247
247
247
247
247
240
240
240
240
240
240
247
247
247
247
247
241
241
241
241
241
244
244
244
244
244
244
251
251
251
251
251
240
240
240
240
240
245
245
245
245
245
245
241
241
241
241
241
252
252
252
252
252
252
252
252
252
252
252
251
251
251
251
251
252
252
252
252
252
238
238
238
238
238
238
253
253
253
253
253
243
243
243
243
243
243
243
243
243
243
243
233
233
233
233
233
230
230
230
230
230
232
232
232
232
232
232
238
238
238
238
238
230
230
230
230
230
232
232
232
232
232
232
234
234
234
234
234
231
231
231
231
231
233
233
233
233
233
233
235
235
235
235
235
243
243
243
243
243
242
242
242
242
242
242
245
245
245
245
245
240
240
240
240
240
235
235
235
235
235
235
234
234
234
234
234
234
234
234
234
234
238
238
238
238
238
238
240
240
240
240
240
231
231
231
231
231
236
236
236
236
236
236
240
240
240
240
240
236
236
236
236
236
243
243
243
243
243
243
245
245
245
245
245
230
230
230
230
230
236
236
236
236
236
236
234
234
234
234
234
239
239
239
239
239
236
236
236
236
236
236
249
249
249
249
249
239
239
239
239
239
232
232
232
232
232
232
230
230
230
230
230
243
243
243
243
243
242
242
242
242
242
242
242
242
242
242
242
244
244
244
244
244
238
238
238
238
238
238
236
236
236
236
236
234
234
234
234
234
241
241
241
241
241
241
241
241
241
241
241
236
236
236
236
236
234
234
234
234
234
234
241
241
241
241
241
238
238
238
238
238
247
247
247
247
247
247
232
232
232
232
232
237
237
237
237
237
234
234
234
234
234
234
234
234
234
234
234
239
239
239
239
239
227
227
227
227
227
227
222
222
222
222
222
220
220
220
220
220
224
224
224
224
224
224
220
220
220
220
220
223
223
223
223
223
216
216
216
216
216
216
219
219
219
219
219
219
219
219
219
219
226
226
226
226
226
226
218
218
218
218
218
222
222
222
222
222
219
219
219
219
219
219
224
224
224
224
224
224
224
224
224
224
218
218
218
218
218
218
220
220
220
220
220
229
229
229
229
229
227
227
227
227
227
227
219
219
219
219
219
227
227
227
227
227
213
213
213
213
213
213
217
217
217
217
217
213
213
213
213
213
218
218
218
218
218
218
215
215
215
215
215
217
217
217
217
217
217
217
217
217
217
217
218
218
218
218
218
209
209
209
209
209
221
221
221
221
221
221
211
211
211
211
211
225
225
225
225
225
219
219
219
219
219
219
226
226
226
226
226
217
217
217
217
217
226
226
226
226
226
226
219
219
219
219
219
228
228
228
228
228
217
217
217
217
217
217
218
218
218
218
218
215
215
215
215
215
222
222
222
222
222
222
219
219
219
219
219
235
235
235
235
235
231
231
231
231
231
231
227
227
227
227
227
235
235
235
235
235
231
231
231
231
231
231
234
234
234
234
234
227
227
227
227
227
236
236
236
236
236
236
232
232
232
232
232
233
233
233
233
233
240
240
240
240
240
240
237
237
237
237
237
236
236
236
236
236
226
226
226
226
226
226
233
233
233
233
233
223
223
223
223
223
230
230
230
230
230
230
227
227
227
227
227
227
227
227
227
227
227
227
227
227
227
227
222
222
222
222
222
234
234
234
234
234
222
222
222
222
222
222
226
226
226
226
226
225
225
225
225
225
224
224
224
224
224
224
221
221
221
221
221
234
234
234
234
234
225
225
225
225
225
225
229
229
229
229
229
229
229
229
229
229
239
239
239
239
239
239
226
226
226
226
226
228
228
228
228
228
234
234
234
234
234
234
242
242
242
242
242
244
244
244
244
244
245
245
245
245
245
245
233
233
233
233
233
238
238
238
238
238
242
242
242
242
242
242
244
244
244
244
244
241
241
241
241
241
240
240
240
240
240
240
243
243
243
243
243
232
232
232
232
232
240
240
240
240
240
240
235
235
235
235
235
242
242
242
242
242
234
234
234
234
234
234
242
242
242
242
242
232
232
232
232
232
229
229
229
229
229
229
236
236
236
236
236
233
233
233
233
233
231
231
231
231
231
231
234
234
234
234
234
234
234
234
234
234
233
233
233
233
233
233
240
240
240
240
240
241
241
241
241
241
230
230
230
230
230
230
241
241
241
241
241
243
243
243
243
243
251
251
251
251
251
251
240
240
240
240
240
249
249
249
249
249
245
245
245
245
245
245
232
232
232
232
232
251
251
251
251
251
244
244
244
244
244
244
243
243
243
243
243
252
252
252
252
252
254
254
254
254
254
254
248
248
248
248
248
269
269
269
269
269
270
270
270
270
270
270
276
276
276
276
276
272
272
272
272
272
276
276
276
276
276
276
281
281
281
281
281
261
261
261
261
261
273
273
273
273
273
273
259
259
259
259
259
269
269
269
269
269
263
263
263
263
263
263
274
274
274
274
274
259
259
259
259
259
255
255
255
255
255
255
251
251
251
251
251
246
246
246
246
246
242
242
242
242
242
242
242
242
242
242
242
248
248
248
248
248
244
244
244
244
244
244
240
240
240
240
240
249
249
249
249
249
241
241
241
241
241
241
257
257
257
257
257
256
256
256
256
256
251
251
251
251
251
251
245
245
245
245
245
259
259
259
259
259
249
249
249
249
249
249
244
244
244
244
244
250
250
250
250
250
258
258
258
258
258
258
257
257
257
257
257
252
252
252
252
252
256
256
256
256
256
256
256
256
256
256
256
269
269
269
269
269
267
267
267
267
267
267
257
257
257
257
257
241
241
241
241
241
243
243
243
243
243
243
248
248
248
248
248
234
234
234
234
234
234
234
234
234
234
234
235
235
235
235
235
234
234
234
234
234
226
226
226
226
226
226
236
236
236
236
236
240
240
240
240
240
241
241
241
241
241
241
238
238
238
238
238
248
248
248
248
248
235
235
235
235
235
235
248
248
248
248
248
253
253
253
253
253
251
251
251
251
251
251
245
245
245
245
245
250
250
250
250
250
242
242
242
242
242
242
243
243
243
243
243
244
244
244
244
244
235
235
235
235
235
235
235
235
235
235
235
227
227
227
227
227
240
240
240
240
240
240
233
233
233
233
233
238
238
238
238
238
240
240
240
240
240
240
240
240
240
240
240
239
239
239
239
239
239
239
239
239
239
239
246
246
246
246
246
234
234
234
234
234
235
235
235
235
235
235
245
245
245
245
245
230
230
230
230
230
246
246
246
246
246
246
230
230
230
230
230
234
234
234
234
234
223
223
223
223
223
223
223
223
223
223
223
237
237
237
237
237
233
233
233
233
233
233
232
232
232
232
232
230
230
230
230
230
224
224
224
224
224
224
228
228
228
228
228
229
229
229
229
229
231
231
231
231
231
231
215
215
215
215
215
214
214
214
214
214
230
230
230
230
230
230
226
226
226
226
226
225
225
225
225
225
237
237
237
237
237
237
225
225
225
225
225
225
225
225
225
225
224
224
224
224
224
224
231
231
231
231
231
218
218
218
218
218
210
210
210
210
210
210
229
229
229
229
229
223
223
223
223
223
224
224
224
224
224
224
230
230
230
230
230
226
226
226
226
226
239
239
239
239
239
239
221
221
221
221
221
237
237
237
237
237
220
220
220
220
220
220
231
231
231
231
231
216
216
216
216
216
228
228
228
228
228
228
225
225
225
225
225
225
225
225
225
225
228
228
228
228
228
228
229
229
229
229
229
212
212
212
212
212
220
220
220
220
220
220
222
222
222
222
222
231
231
231
231
231
220
220
220
220
220
220
224
224
224
224
224
221
221
221
221
221
232
232
232
232
232
232
224
224
224
224
224
228
228
228
228
228
218
218
218
218
218
218
228
228
228
228
228
222
222
222
222
222
233
233
233
233
233
233
227
227
227
227
227
228
228
228
228
228
235
235
235
235
235
235
224
224
224
224
224
237
237
237
237
237
225
225
225
225
225
225
229
229
229
229
229
221
221
221
221
221
240
240
240
240
240
240
228
228
228
228
228
223
223
223
223
223
221
221
221
221
221
221
221
221
221
221
221
221
221
221
221
221
224
224
224
224
224
224
221
221
221
221
221
223
223
223
223
223
220
220
220
220
220
220
220
220
220
220
220
225
225
225
225
225
220
220
220
220
220
220
219
219
219
219
219
227
227
227
227
227
230
230
230
230
230
230
227
227
227
227
227
229
229
229
229
229
224
224
224
224
224
224
231
231
231
231
231
223
223
223
223
223
226
226
226
226
226
226
224
224
224
224
224
228
228
228
228
228
231
231
231
231
231
231
238
238
238
238
238
232
232
232
232
232
229
229
229
229
229
229
230
230
230
230
230
225
225
225
225
225
219
219
219
219
219
219
232
232
232
232
232
231
231
231
231
231
226
226
226
226
226
226
233
233
233
233
233
229
229
229
229
229
231
231
231
231
231
231
224
224
224
224
224
230
230
230
230
230
228
228
228
228
228
228
224
224
224
224
224
228
228
228
228
228
230
230
230
230
230
230
225
225
225
225
225
237
237
237
237
237
233
233
233
233
233
233
232
232
232
232
232
228
228
228
228
228
226
226
226
226
226
226
234
234
234
234
234
236
236
236
236
236
232
232
232
232
232
232
240
240
240
240
240
238
238
238
238
238
238
238
238
238
238
238
230
230
230
230
230
239
239
239
239
239
239
239
239
239
239
239
236
236
236
236
236
229
229
229
229
229
245
245
245
245
245
245
232
232
232
232
232
228
228
228
228
228
237
237
237
237
237
237
225
225
225
225
225
231
231
231
231
231
233
233
233
233
233
233
235
235
235
235
235
233
233
233
233
233
229
229
229
229
229
229
237
237
237
237
237
234
234
234
234
234
236
236
236
236
236
236
236
236
236
236
236
238
238
238
238
238
234
234
234
234
234
234
239
239
239
239
239
240
240
240
240
240
233
233
233
233
233
233
237
237
237
237
237
241
241
241
241
241
243
243
243
243
243
243
236
236
236
236
236
226
226
226
226
226
245
245
245
245
245
245
233
233
233
233
233
243
243
243
243
243
241
241
241
241
241
241
228
228
228
228
228
247
247
247
247
247
242
242
242
242
242
242
249
249
249
249
249
242
242
242
242
242
236
236
236
236
236
236
240
240
240
240
240
248
248
248
248
248
244
244
244
244
244
244
250
250
250
250
250
250
250
250
250
250
249
249
249
249
249
249
246
246
246
246
246
244
244
244
244
244
241
241
241
241
241
241
233
233
233
233
233
242
242
242
242
242
242
242
242
242
242
242
241
241
241
241
241
246
246
246
246
246
241
241
241
241
241
241
239
239
239
239
239
246
246
246
246
246
242
242
242
242
242
242
233
233
233
233
233
239
239
239
239
239
233
233
233
233
233
233
232
232
232
232
232
252
252
252
252
252
246
246
246
246
246
246
248
248
248
248
248
243
243
243
243
243
237
237
237
237
237
237
245
245
245
245
245
239
239
239
239
239
240
240
240
240
240
240
247
247
247
247
247
247
247
247