221
221
221
221
215
215
215
215
215
233
233
233
233
233
242
242
242
242
242
242
251
251
251
251
251
254
254
254
254
254
246
246
246
246
246
246
244
244
244
244
244
238
238
238
238
238
225
225
225
225
225
225
206
206
206
206
206
209
209
209
209
209
205
205
205
205
205
205
195
195
195
195
195
207
207
207
207
207
203
203
203
203
203
203
221
221
221
221
221
233
233
233
233
233
263
263
263
263
263
263
356
356
356
356
356
844
844
844
844
844
1710
1710
1710
1710
1710
1710
2534
2534
2534
2534
2534
3264
3264
3264
3264
3264
3820
3820
3820
3820
3820
3820
4035
4035
4035
4035
4035
4053
4053
4053
4053
4053
3720
3720
3720
3720
3720
3720
3161
3161
3161
3161
3161
2359
2359
2359
2359
2359
1500
1500
1500
1500
1500
1500
758
758
758
758
758
366
366
366
366
366
280
280
280
280
280
280
255
255
255
255
255
244
244
244
244
244
246
246
246
246
246
246
270
270
270
270
270
279
279
279
279
279
305
305
305
305
305
305
395
395
395
395
395
451
451
451
451
451
522
522
522
522
522
522
543
543
543
543
543
488
488
488
488
488
409
409
409
409
409
409
335
335
335
335
335
279
279
279
279
279
244
244
244
244
244
244
239
239
239
239
239
236
236
236
236
236
222
222
222
222
222
222
213
213
213
213
213
209
209
209
209
209
209
209
209
209
209
209
216
216
216
216
216
216
216
216
216
216
221
221
221
221
221
221
233
233
233
233
233
232
232
232
232
232
237
237
237
237
237
237
235
235
235
235
235
238
238
238
238
238
235
235
235
235
235
235
231
231
231
231
231
224
224
224
224
224
225
225
225
225
225
225
219
219
219
219
219
219
219
219
219
219
209
209
209
209
209
209
211
211
211
211
211
206
206
206
206
206
217
217
217
217
217
217
213
213
213
213
213
224
224
224
224
224
243
243
243
243
243
243
247
247
247
247
247
247
247
247
247
247
275
275
275
275
275
275
289
289
289
289
289
299
299
299
299
299
297
297
297
297
297
297
264
264
264
264
264
251
251
251
251
251
244
244
244
244
244
244
229
229
229
229
229
219
219
219
219
219
220
220
220
220
220
220
217
217
217
217
217
200
200
200
200
200
213
213
213
213
213
213
211
211
211
211
211
220
220
220
220
220
218
218
218
218
218
218
234
234
234
234
234
231
231
231
231
231
248
248
248
248
248
248
237
237
237
237
237
239
239
239
239
239
241
241
241
241
241
241
230
230
230
230
230
229
229
229
229
229
229
229
229
229
229
229
222
222
222
222
222
226
226
226
226
226
220
220
220
220
220
220
228
228
228
228
228
211
211
211
211
211
221
221
221
221
221
221
226
226
226
226
226
226
226
226
226
226
222
222
222
222
222
222
221
221
221
221
221
223
223
223
223
223
210
210
210
210
210
210
216
216
216
216
216
209
209
209
209
209
196
196
196
196
196
196
203
203
203
203
203
202
202
202
202
202
201
201
201
201
201
201
198
198
198
198
198
198
198
198
198
198
196
196
196
196
196
196
196
196
196
196
196
199
199
199
199
199
190
190
190
190
190
190
201
201
201
201
201
201
201
201
201
201
196
196
196
196
196
196
197
197
197
197
197
190
190
190
190
190
191
191
191
191
191
191
193
193
193
193
193
195
195
195
195
195
190
190
190
190
190
190
187
187
187
187
187
194
194
194
194
194
188
188
188
188
188
188
195
195
195
195
195
187
187
187
187
187
191
191
191
191
191
191
190
190
190
190
190
195
195
195
195
195
201
201
201
201
201
201
196
196
196
196
196
199
199
199
199
199
191
191
191
191
191
191
204
204
204
204
204
193
193
193
193
193
192
192
192
192
192
192
187
187
187
187
187
190
190
190
190
190
184
184
184
184
184
184
189
189
189
189
189
185
185
185
185
185
187
187
187
187
187
187
191
191
191
191
191
188
188
188
188
188
190
190
190
190
190
190
195
195
195
195
195
191
191
191
191
191
194
194
194
194
194
194
198
198
198
198
198
197
197
197
197
197
196
196
196
196
196
196
198
198
198
198
198
200
200
200
200
200
198
198
198
198
198
198
202
202
202
202
202
194
194
194
194
194
197
197
197
197
197
197
199
199
199
199
199
197
197
197
197
197
191
191
191
191
191
191
199
199
199
199
199
196
196
196
196
196
192
192
192
192
192
192
197
197
197
197
197
190
190
190
190
190
197
197
197
197
197
197
196
196
196
196
196
194
194
194
194
194
199
199
199
199
199
199
197
197
197
197
197
200
200
200
200
200
200
200
200
200
200
200
202
202
202
202
202
202
202
202
202
202
197
197
197
197
197
197
194
194
194
194
194
193
193
193
193
193
201
201
201
201
201
201
196
196
196
196
196
199
199
199
199
199
202
202
202
202
202
202
197
197
197
197
197
202
202
202
202
202
193
193
193
193
193
193
195
195
195
195
195
192
192
192
192
192
195
195
195
195
195
195
193
193
193
193
193
198
198
198
198
198
193
193
193
193
193
193
201
201
201
201
201
190
190
190
190
190
200
200
200
200
200
200
198
198
198
198
198
207
207
207
207
207
199
199
199
199
199
199
202
202
202
202
202
202
202
202
202
202
206
206
206
206
206
206
202
202
202
202
202
207
207
207
207
207
206
206
206
206
206
206
212
212
212
212
212
214
214
214
214
214
215
215
215
215
215
215
215
215
215
215
215
221
221
221
221
221
216
216
216
216
216
216
212
212
212
212
212
224
224
224
224
224
220
220
220
220
220
220
214
214
214
214
214
218
218
218
218
218
217
217
217
217
217
217
215
215
215
215
215
214
214
214
214
214
223
223
223
223
223
223
223
223
223
223
223
218
218
218
218
218
226
226
226
226
226
226
229
229
229
229
229
227
227
227
227
227
229
229
229
229
229
229
229
229
229
229
229
226
226
226
226
226
226
226
226
226
226
226
219
219
219
219
219
224
224
224
224
224
216
216
216
216
216
216
217
217
217
217
217
216
216
216
216
216
218
218
218
218
218
218
219
219
219
219
219
222
222
222
222
222
221
221
221
221
221
221
220
220
220
220
220
230
230
230
230
230
215
215
215
215
215
215
224
224
224
224
224
219
219
219
219
219
212
212
212
212
212
212
219
219
219
219
219
213
213
213
213
213
211
211
211
211
211
211
213
213
213
213
213
208
208
208
208
208
206
206
206
206
206
206
205
205
205
205
205
208
208
208
208
208
214
214
214
214
214
214
219
219
219
219
219
217
217
217
217
217
222
222
222
222
222
222
223
223
223
223
223
220
220
220
220
220
216
216
216
216
216
216
216
216
216
216
216
213
213
213
213
213
208
208
208
208
208
208
207
207
207
207
207
216
216
216
216
216
204
204
204
204
204
204
205
205
205
205
205
213
213
213
213
213
210
210
210
210
210
210
209
209
209
209
209
213
213
213
213
213
216
216
216
216
216
216
214
214
214
214
214
216
216
216
216
216
215
215
215
215
215
215
221
221
221
221
221
223
223
223
223
223
217
217
217
217
217
217
216
216
216
216
216
211
211
211
211
211
214
214
214
214
214
214
208
208
208
208
208
213
213
213
213
213
210
210
210
210
210
210
215
215
215
215
215
223
223
223
223
223
225
225
225
225
225
225
226
226
226
226
226
227
227
227
227
227
221
221
221
221
221
221
228
228
228
228
228
219
219
219
219
219
221
221
221
221
221
221
219
219
219
219
219
215
215
215
215
215
212
212
212
212
212
212
213
213
213
213
213
201
201
201
201
201
217
217
217
217
217
217
225
225
225
225
225
241
241
241
241
241
234
234
234
234
234
234
248
248
248
248
248
244
244
244
244
244
231
231
231
231
231
231
226
226
226
226
226
216
216
216
216
216
210
210
210
210
210
210
216
216
216
216
216
208
208
208
208
208
210
210
210
210
210
210
212
212
212
212
212
220
220
220
220
220
226
226
226
226
226
226
238
238
238
238
238
243
243
243
243
243
248
248
248
248
248
248
253
253
253
253
253
258
258
258
258
258
251
251
251
251
251
251
244
244
244
244
244
232
232
232
232
232
232
232
232
232
232
232
228
228
228
228
228
221
221
221
221
221
233
233
233
233
233
233
234
234
234
234
234
228
228
228
228
228
222
222
222
222
222
222
235
235
235
235
235
232
232
232
232
232
228
228
228
228
228
228
233
233
233
233
233
224
224
224
224
224
233
233
233
233
233
233
216
216
216
216
216
227
227
227
227
227
219
219
219
219
219
219
232
232
232
232
232
224
224
224
224
224
237
237
237
237
237
237
231
231
231
231
231
233
233
233
233
233
231
231
231
231
231
231
222
222
222
222
222
230
230
230
230
230
215
215
215
215
215
215
224
224
224
224
224
224
224
224
224
224
237
237
237
237
237
237
234
234
234
234
234
236
236
236
236
236
241
241
241
241
241
241
238
238
238
238
238
250
250
250
250
250
232
232
232
232
232
232
246
246
246
246
246
244
244
244
244
244
248
248
248
248
248
248
234
234
234
234
234
232
232
232
232
232
244
244
244
244
244
244
226
226
226
226
226
247
247
247
247
247
232
232
232
232
232
232
252
252
252
252
252
239
239
239
239
239
249
249
249
249
249
249
251
251
251
251
251
238
238
238
238
238
245
245
245
245
245
245
237
237
237
237
237
242
242
242
242
242
229
229
229
229
229
229
239
239
239
239
239
231
231
231
231
231
238
238
238
238
238
238
237
237
237
237
237
233
233
233
233
233
241
241
241
241
241
241
228
228
228
228
228
236
236
236
236
236
230
230
230
230
230
230
214
214
214
214
214
224
224
224
224
224
225
225
225
225
225
225
232
232
232
232
232
227
227
227
227
227
230
230
230
230
230
230
227
227
227
227
227
230
230
230
230
230
220
220
220
220
220
220
209
209
209
209
209
230
230
230
230
230
221
221
221
221
221
221
231
231
231
231
231
240
240
240
240
240
239
239
239
239
239
239
234
234
234
234
234
226
226
226
226
226
222
222
222
222
222
222
205
205
205
205
205
209
209
209
209
209
210
210
210
210
210
210
218
218
218
218
218
218
218
218
218
218
230
230
230
230
230
230
219
219
219
219
219
220
220
220
220
220
219
219
219
219
219
219
221
221
221
221
221
206
206
206
206
206
212
212
212
212
212
212
207
207
207
207
207
215
215
215
215
215
215
215
215
215
215
215
205
205
205
205
205
212
212
212
212
212
204
204
204
204
204
204
214
214
214
214
214
209
209
209
209
209
199
199
199
199
199
199
211
211
211
211
211
209
209
209
209
209
202
202
202
202
202
202
194
194
194
194
194
198
198
198
198
198
198
198
198
198
198
198
201
201
201
201
201
193
193
193
193
193
204
204
204
204
204
204
203
203
203
203
203
197
197
197
197
197
200
200
200
200
200
200
196
196
196
196
196
206
206
206
206
206
202
202
202
202
202
202
197
197
197
197
197
193
193
193
193
193
200
200
200
200
200
200
202
202
202
202
202
196
196
196
196
196
194
194
194
194
194
194
195
195
195
195
195
201
201
201
201
201
195
195
195
195
195
195
198
198
198
198
198
192
192
192
192
192
193
193
193
193
193
193
188
188
188
188
188
194
194
194
194
194
189
189
189
189
189
189
197
197
197
197
197
195
195
195
195
195
192
192
192
192
192
192
194
194
194
194
194
198
198
198
198
198
196
196
196
196
196
196
199
199
199
199
199
186
186
186
186
186
198
198
198
198
198
198
195
195
195
195
195
202
202
202
202
202
199
199
199
199
199
199
197
197
197
197
197
200
200
200
200
200
191
191
191
191
191
191
201
201
201
201
201
204
204
204
204
204
200
200
200
200
200
200
203
203
203
203
203
207
207
207
207
207
207
207
207
207
207
207
209
209
209
209
209
206
206
206
206
206
207
207
207
207
207
207
204
204
204
204
204
196
196
196
196
196
202
202
202
202
202
202
205
205
205
205
205
203
203
203
203
203
202
202
202
202
202
202
207
207
207
207
207
209
209
209
209
209
207
207
207
207
207
207
200
200
200
200
200
211
211
211
211
211
208
208
208
208
208
208
208
208
208
208
208
210
210
210
210
210
207
207
207
207
207
207
213
213
213
213
213
208
208
208
208
208
210
210
210
210
210
210
210
210
210
210
210
208
208
208
208
208
208
208
208
208
208
208
206
206
206
206
206
205
205
205
205
205
202
202
202
202
202
202
201
201
201
201
201
212
212
212
212
212
200
200
200
200
200
200
194
194
194
194
194
208
208
208
208
208
201
201
201
201
201
201
206
206
206
206
206
210
210
210
210
210
211
211
211
211
211
211
217
217
217
217
217
211
211
211
211
211
210
210
210
210
210
210
209
209
209
209
209
210
210
210
210
210
210
210
210
210
210
210
213
213
213
213
213
210
210
210
210
210
208
208
208
208
208
208
210
210
210
210
210
210
210
210
210
210
212
212
212
212
212
212
206
206
206
206
206
211
211
211
211
211
202
202
202
202
202
202
220
220
220
220
220
224
224
224
224
224
220
220
220
220
220
220
227
227
227
227
227
222
222
222
222
222
238
238
238
238
238
238
216
216
216
216
216
233
233
233
233
233
221
221
221
221
221
221
219
219
219
219
219
231
231
231
231
231
224
224
224
224
224
224
219
219
219
219
219
222
222
222
222
222
226
226
226
226
226
226
229
229
229
229
229
237
237
237
237
237
229
229
229
229
229
229
226
226
226
226
226
222
222
222
222
222
227
227
227
227
227
227
230
230
230
230
230
223
223
223
223
223
225
225
225
225
225
225
232
232
232
232
232
242
242
242
242
242
222
222
222
222
222
222
223
223
223
223
223
224
224
224
224
224
241
241
241
241
241
241
219
219
219
219
219
226
226
226
226
226
224
224
224
224
224
224
231
231
231
231
231
222
222
222
222
222
227
227
227
227
227
227
243
243
243
243
243
231
231
231
231
231
235
235
235
235
235
235
236
236
236
236
236
244
244
244
244
244
232
232
232
232
232
232
229
229
229
229
229
229
229
229
229
229
228
228
228
228
228
228
218
218
218
218
218
238
238
238
238
238
221
221
221
221
221
221
221
221
221
221
221
223
223
223
223
223
218
218
218
218
218
218
225
225
225
225
225
227
227
227
227
227
226
226
226
226
226
226
234
234
234
234
234
233
233
233
233
233
236
236
236
236
236
236
237
237
237
237
237
232
232
232
232
232
236
236
236
236
236
236
232
232
232
232
232
233
233
233
233
233
236
236
236
236
236
236
232
232
232
232
232
228
228
228
228
228
236
236
236
236
236
236
234
234
234
234
234
224
224
224
224
224
232
232
232
232
232
232
226
226
226
226
226
227
227
227
227
227
224
224
224
224
224
224
244
244
244
244
244
231
231
231
231
231
238
238
238
238
238
238
239
239
239
239
239
239
239
239
239
239
231
231
231
231
231
231
242
242
242
242
242
253
253
253
253
253
235
235
235
235
235
235
236
236
236
236
236
233
233
233
233
233
234
234
234
234
234
234
233
233
233
233
233
228
228
228
228
228
231
231
231
231
231
231
224
224
224
224
224
220
220
220
220
220
221
221
221
221
221
221
219
219
219
219
219
225
225
225
225
225
224
224
224
224
224
224
223
223
223
223
223
230
230
230
230
230
229
229
229
229
229
229
226
226
226
226
226
227
227
227
227
227
226
226
226
226
226
226
228
228
228
228
228
222
222
222
222
222
231
231
231
231
231
231
230
230
230
230
230
220
220
220
220
220
224
224
224
224
224
224
218
218
218
218
218
225
225
225
225
225
217
217
217
217
217
217
232
232
232
232
232
220
220
220
220
220
229
229
229
229
229
229
237
237
237
237
237
227
227
227
227
227
230
230
230
230
230
230
226
226
226
226
226
225
225
225
225
225
227
227
227
227
227
227
221
221
221
221
221
225
225
225
225
225
218
218
218
218
218
218
222
222
222
222
222
231
231
231
231
231
230
230
230
230
230
230
232
232
232
232
232
234
234
234
234
234
234
234
234
234
234
234
226
226
226
226
226
235
235
235
235
235
237
237
237
237
237
237
233
233
233
233
233
230
230
230
230
230
232
232
232
232
232
232
228
228
228
228
228
228
228
228
228
228
228
228
228
228
228
228
228
228
228
228
228
226
226
226
226
226
223
223
223
223
223
223
220
220
220
220
220
224
224
224
224
224
215
215
215
215
215
215
226
226
226
226
226
230
230
230
230
230
226
226
226
226
226
226
233
233
233
233
233
233
233
233
233
233
228
228
228
228
228
228
223
223
223
223
223
229
229
229
229
229
226
226
226
226
226
226
234
234
234
234
234
228
228
228
228
228
231
231
231
231
231
231
229
229
229
229
229
229
229
229
229
229
228
228
228
228
228
228
216
216
216
216
216
228
228
228
228
228
218
218
218
218
218
218
225
225
225
225
225
223
223
223
223
223
231
231
231
231
231
231
230
230
230
230
230
216
216
216
216
216
220
220
220
220
220
220
221
221
221
221
221
221
221
221
221
221
223
223
223
223
223
223
229
229
229
229
229
220
220
220
220
220
231
231
231
231
231
231
238
238
238
238
238
230
230
230
230
230
234
234
234
234
234
234
233
233
233
233
233
226
226
226
226
226
228
228
228
228
228
228
224
224
224
224
224
231
231
231
231
231
224
224
224
224
224
224
228
228
228
228
228
224
224
224
224
224
227
227
227
227
227
227
237
237
237
237
237
236
236
236
236
236
235
235
235
235
235
235
232
232
232
232
232
231
231
231
231
231
229
229
229
229
229
229
230
230
230
230
230
242
242
242
242
242
234
234
234
234
234
234
226
226
226
226
226
225
225
225
225
225
228
228
228
228
228
228
229
229
229
229
229
227
227
227
227
227
222
222
222
222
222
222
230
230
230
230
230
217
217
217
217
217
236
236
236
236
236
236
212
212
212
212
212
217
217
217
217
217
226
226
226
226
226
226
215
215
215
215
215
228
228
228
228
228
235
235
235
235
235
235
225
225
225
225
225
232
232
232
232
232
226
226
226
226
226
226
226
226
226
226
226
222
222
222
222
222
226
226
226
226
226
226
223
223
223
223
223
219
219
219
219
219
224
224
224
224
224
224
223
223
223
223
223
223
223
223
223
223
227
227
227
227
227
227
219
219
219
219
219
223
223
223
223
223
214
214
214
214
214
214
219
219
219
219
219
226
226
226
226
226
223
223
223
223
223
223
226
226
226
226
226
220
220
220
220
220
214
214
214
214
214
214
216
216
216
216
216
222
222
222
222
222
220
220
220
220
220
220
213
213
213
213
213
213
213
213
213
213
214
214
214
214
214
214
216
216
216
216
216
224
224
224
224
224
219
219
219
219
219
219
217
217
217
217
217
221
221
221
221
221
220
220
220
220
220
220
223
223
223
223
223
218
218
218
218
218
210
210
210
210
210
210
220
220
220
220
220
210
210
210
210
210
216
216
216
216
216
216
221
221
221
221
221
219
219
219
219
219
225
225
225
225
225
225
216
216
216
216
216
203
203
203
203
203
224
224
224
224
224
224
215
215
215
215
215
217
217
217
217
217
221
221
221
221
221
221
214
214
214
214
214
211
211
211
211
211
215
215
215
215
215
215
222
222
222
222
222
220
220
220
220
220
220
220
220
220
220
220
216
216
216
216
216
216
216
216
216
216
217
217
217
217
217
217
218
218
218
218
218
212
212
212
212
212
220
220
220
220
220
220
216
216
216
216
216
219
219
219
219
219
218
218
218
218
218
218
217
217
217
217
217
215
215
215
215
215
208
208
208
208
208
208
226
226
226
226
226
220
220
220
220
220
209
209
209
209
209
209
220
220
220
220
220
219
219
219
219
219
227
227
227
227
227
227
216
216
216
216
216
217
217
217
217
217
217
217
217
217
217
217
216
216
216
216
216
220
220
220
220
220
217
217
217
217
217
217
220
220
220
220
220
216
216
216
216
216
220
220
220
220
220
220
216
216
216
216
216
225
225
225
225
225
227
227
227
227
227
227
221
221
221
221
221
228
228
228
228
228
221
221
221
221
221
221
216
216
216
216
216
225
225
225
225
225
215
215
215
215
215
215
222
222
222
222
222
222
222
222
222
222
218
218
218
218
218
218
219
219
219
219
219
230
230
230
230
230
226
226
226
226
226
226
217
217
217
217
217
223
223
223
223
223
224
224
224
224
224
224
224
224
224
224
224
225
225
225
225
225
230
230
230
230
230
230
233
233
233
233
233
231
231
231
231
231
229
229
229
229
229
229
230
230
230
230
230
230
230
230
230
230
238
238
238
238
238
238
231
231
231
231
231
227
227
227
227
227
225
225
225
225
225
225
222
222
222
222
222
233
233
233
233
233
228
228
228
228
228
228
222
222
222
222
222
220
220
220
220
220
221
221
221
221
221
221
224
224
224
224
224
216
216
216
216
216
221
221
221
221
221
221
220
220
220
220
220
221
221
221
221
221
222
222
222
222
222
222
220
220
220
220
220
225
225
225
225
225
223
223
223
223
223
223
222
222
222
222
222
226
226
226
226
226
220
220
220
220
220
220
216
216
216
216
216
225
225
225
225
225
228
228
228
228
228
228
229
229
229
229
229
230
230
230
230
230
225
225
225
225
225
225
225
225
225
225
225
221
221
221
221
221
233
233
233
233
233
233
231
231
231
231
231
235
235
235
235
235
232
232
232
232
232
232
223
223
223
223
223
235
235
235
235
235
219
219
219
219
219
219
228
228
228
228
228
230
230
230
230
230
224
224
224
224
224
224
226
226
226
226
226
230
230
230
230
230
230
230
230
230
230
230
228
228
228
228
228
237
237
237
237
237
230
230
230
230
230
230
229
229
229
229
229
239
239
239
239
239
237
237
237
237
237
237
243
243
243
243
243
240
240
240
240
240
236
236
236
236
236
236
233
233
233
233
233
220
220
220
220
220
229
229
229
229
229
229
225
225
225
225
225
230
230
230
230
230
235
235
235
235
235
235
227
227
227
227
227
233
233
233
233
233
235
235
235
235
235
235
235
235
235
235
235
237
237
237
237
237
230
230
230
230
230
230
236
236
236
236
236
225
225
225
225
225
231
231
231
231
231
231
219
219
219
219
219
224
224
224
224
224
225
225
225
225
225
225
227
227
227
227
227
228
228
228
228
228
228
228
228
228
228
228
217
217
217
217
217
224
224
224
224
224
227
227
227
227
227
227
230
230
230
230
230
233
233
233
233
233
227
227
227
227
227
227
233
233
233
233
233
227
227
227
227
227
230
230
230
230
230
230
233
233
233
233
233
228
228
228
228
228
230
230
230
230
230
230
221
221
221
221
221
239
239
239
239
239
234
234
234
234
234
234
224
224
224