214
214
214
214
214
214
220
220
220
220
220
224
224
224
224
224
230
230
230
230
230
230
226
226
226
226
226
230
230
230
230
230
218
218
218
218
218
218
224
224
224
224
224
217
217
217
217
217
220
220
220
220
220
220
213
213
213
213
213
222
222
222
222
222
225
225
225
225
225
225
224
224
224
224
224
221
221
221
221
221
218
218
218
218
218
218
228
228
228
228
228
224
224
224
224
224
217
217
217
217
217
217
224
224
224
224
224
219
219
219
219
219
228
228
228
228
228
228
229
229
229
229
229
216
216
216
216
216
231
231
231
231
231
231
220
220
220
220
220
228
228
228
228
228
229
229
229
229
229
229
217
217
217
217
217
222
222
222
222
222
221
221
221
221
221
221
226
226
226
226
226
217
217
217
217
217
225
225
225
225
225
225
219
219
219
219
219
229
229
229
229
229
224
224
224
224
224
224
226
226
226
226
226
220
220
220
220
220
221
221
221
221
221
221
214
214
214
214
214
213
213
213
213
213
227
227
227
227
227
227
221
221
221
221
221
223
223
223
223
223
218
218
218
218
218
218
224
224
224
224
224
227
227
227
227
227
219
219
219
219
219
219
223
223
223
223
223
218
218
218
218
218
222
222
222
222
222
222
217
217
217
217
217
222
222
222
222
222
226
226
226
226
226
226
228
228
228
228
228
227
227
227
227
227
225
225
225
225
225
225
218
218
218
218
218
222
222
222
222
222
228
228
228
228
228
228
213
213
213
213
213
225
225
225
225
225
216
216
216
216
216
216
218
218
218
218
218
211
211
211
211
211
221
221
221
221
221
221
220
220
220
220
220
217
217
217
217
217
220
220
220
220
220
220
221
221
221
221
221
217
217
217
217
217
210
210
210
210
210
210
223
223
223
223
223
214
214
214
214
214
212
212
212
212
212
212
212
212
212
212
212
212
212
212
212
212
212
212
212
212
212
212
206
206
206
206
206
210
210
210
210
210
212
212
212
212
212
212
203
203
203
203
203
205
205
205
205
205
201
201
201
201
201
201
200
200
200
200
200
205
205
205
205
205
206
206
206
206
206
206
201
201
201
201
201
203
203
203
203
203
201
201
201
201
201
201
197
197
197
197
197
188
188
188
188
188
195
195
195
195
195
195
184
184
184
184
184
183
183
183
183
183
181
181
181
181
181
181
184
184
184
184
184
179
179
179
179
179
172
172
172
172
172
172
176
176
176
176
176
179
179
179
179
179
183
183
183
183
183
183
188
188
188
188
188
206
206
206
206
206
229
229
229
229
229
229
466
466
466
466
466
1825
1825
1825
1825
1825
3548
3548
3548
3548
3548
3548
4095
4095
4095
4095
4095
4095
4095
4095
4095
4095
4095
4095
4095
4095
4095
4095
4095
4095
4095
4095
4095
4095
4095
4095
4095
4095
4049
4049
4049
4049
4049
4049
2732
2732
2732
2732
2732
1133
1133
1133
1133
1133
293
293
293
293
293
293
207
207
207
207
207
200
200
200
200
200
182
182
182
182
182
182
176
176
176
176
176
181
181
181
181
181
179
179
179
179
179
179
181
181
181
181
181
182
182
182
182
182
187
187
187
187
187
187
194
194
194
194
194
194
194
194
194
194
200
200
200
200
200
200
203
203
203
203
203
201
201
201
201
201
196
196
196
196
196
196
189
189
189
189
189
188
188
188
188
188
191
191
191
191
191
191
183
183
183
183
183
181
181
181
181
181
178
178
178
178
178
178
175
175
175
175
175
179
179
179
179
179
180
180
180
180
180
180
185
185
185
185
185
187
187
187
187
187
192
192
192
192
192
192
199
199
199
199
199
216
216
216
216
216
242
242
242
242
242
242
274
274
274
274
274
313
313
313
313
313
388
388
388
388
388
388
476
476
476
476
476
512
512
512
512
512
531
531
531
531
531
531
547
547
547
547
547
516
516
516
516
516
482
482
482
482
482
482
447
447
447
447
447
425
425
425
425
425
393
393
393
393
393
393
360
360
360
360
360
337
337
337
337
337
326
326
326
326
326
326
344
344
344
344
344
339
339
339
339
339
326
326
326
326
326
326
338
338
338
338
338
332
332
332
332
332
338
338
338
338
338
338
322
322
322
322
322
293
293
293
293
293
276
276
276
276
276
276
278
278
278
278
278
248
248
248
248
248
248
248
248
248
248
248
233
233
233
233
233
236
236
236
236
236
219
219
219
219
219
219
218
218
218
218
218
218
218
218
218
218
212
212
212
212
212
212
223
223
223
223
223
216
216
216
216
216
217
217
217
217
217
217
219
219
219
219
219
208
208
208
208
208
213
213
213
213
213
213
215
215
215
215
215
226
226
226
226
226
223
223
223
223
223
223
251
251
251
251
251
228
228
228
228
228
247
247
247
247
247
247
242
242
242
242
242
251
251
251
251
251
244
244
244
244
244
244
248
248
248
248
248
249
249
249
249
249
247
247
247
247
247
247
237
237
237
237
237
230
230
230
230
230
222
222
222
222
222
222
220
220
220
220
220
216
216
216
216
216
213
213
213
213
213
213
204
204
204
204
204
200
200
200
200
200
209
209
209
209
209
209
201
201
201
201
201
200
200
200
200
200
207
207
207
207
207
207
218
218
218
218
218
211
211
211
211
211
217
217
217
217
217
217
230
230
230
230
230
232
232
232
232
232
230
230
230
230
230
230
234
234
234
234
234
235
235
235
235
235
220
220
220
220
220
220
214
214
214
214
214
214
214
214
214
214
204
204
204
204
204
204
203
203
203
203
203
198
198
198
198
198
203
203
203
203
203
203
202
202
202
202
202
199
199
199
199
199
204
204
204
204
204
204
200
200
200
200
200
204
204
204
204
204
202
202
202
202
202
202
205
205
205
205
205
198
198
198
198
198
212
212
212
212
212
212
203
203
203
203
203
206
206
206
206
206
210
210
210
210
210
210
206
206
206
206
206
199
199
199
199
199
201
201
201
201
201
201
198
198
198
198
198
203
203
203
203
203
206
206
206
206
206
206
203
203
203
203
203
200
200
200
200
200
205
205
205
205
205
205
203
203
203
203
203
198
198
198
198
198
206
206
206
206
206
206
201
201
201
201
201
201
201
201
201
201
206
206
206
206
206
206
201
201
201
201
201
209
209
209
209
209
207
207
207
207
207
207
207
207
207
207
207
205
205
205
205
205
203
203
203
203
203
203
204
204
204
204
204
203
203
203
203
203
201
201
201
201
201
201
204
204
204
204
204
200
200
200
200
200
198
198
198
198
198
198
197
197
197
197
197
197
197
197
197
197
196
196
196
196
196
196
201
201
201
201
201
193
193
193
193
193
191
191
191
191
191
191
189
189
189
189
189
195
195
195
195
195
187
187
187
187
187
187
186
186
186
186
186
188
188
188
188
188
188
188
188
188
188
188
194
194
194
194
194
196
196
196
196
196
192
192
192
192
192
192
193
193
193
193
193
183
183
183
183
183
188
188
188
188
188
188
194
194
194
194
194
190
190
190
190
190
186
186
186
186
186
186
188
188
188
188
188
193
193
193
193
193
187
187
187
187
187
187
195
195
195
195
195
195
195
195
195
195
194
194
194
194
194
194
194
194
194
194
194
199
199
199
199
199
197
197
197
197
197
197
200
200
200
200
200
204
204
204
204
204
207
207
207
207
207
207
207
207
207
207
207
203
203
203
203
203
206
206
206
206
206
206
203
203
203
203
203
199
199
199
199
199
205
205
205
205
205
205
204
204
204
204
204
209
209
209
209
209
199
199
199
199
199
199
204
204
204
204
204
202
202
202
202
202
206
206
206
206
206
206
206
206
206
206
206
205
205
205
205
205
208
208
208
208
208
208
210
210
210
210
210
210
210
210
210
210
199
199
199
199
199
199
197
197
197
197
197
207
207
207
207
207
211
211
211
211
211
211
208
208
208
208
208
209
209
209
209
209
209
209
209
209
209
209
205
205
205
205
205
202
202
202
202
202
203
203
203
203
203
203
203
203
203
203
203
210
210
210
210
210
201
201
201
201
201
201
205
205
205
205
205
206
206
206
206
206
203
203
203
203
203
203
201
201
201
201
201
198
198
198
198
198
200
200
200
200
200
200
200
200
200
200
200
203
203
203
203
203
196
196
196
196
196
196
198
198
198
198
198
200
200
200
200
200
203
203
203
203
203
203
198
198
198
198
198
207
207
207
207
207
199
199
199
199
199
199
205
205
205
205
205
203
203
203
203
203
211
211
211
211
211
211
206
206
206
206
206
210
210
210
210
210
196
196
196
196
196
196
207
207
207
207
207
206
206
206
206
206
206
206
206
206
206
206
204
204
204
204
204
212
212
212
212
212
204
204
204
204
204
204
207
207
207
207
207
214
214
214
214
214
212
212
212
212
212
212
216
216
216
216
216
213
213
213
213
213
217
217
217
217
217
217
217
217
217
217
217
224
224
224
224
224
214
214
214
214
214
214
221
221
221
221
221
236
236
236
236
236
221
221
221
221
221
221
228
228
228
228
228
230
230
230
230
230
245
245
245
245
245
245
242
242
242
242
242
245
245
245
245
245
250
250
250
250
250
250
248
248
248
248
248
261
261
261
261
261
240
240
240
240
240
240
248
248
248
248
248
247
247
247
247
247
240
240
240
240
240
240
245
245
245
245
245
255
255
255
255
255
240
240
240
240
240
240
252
252
252
252
252
248
248
248
248
248
246
246
246
246
246
246
257
257
257
257
257
245
245
245
245
245
252
252
252
252
252
252
241
241
241
241
241
248
248
248
248
248
252
252
252
252
252
252
255
255
255
255
255
242
242
242
242
242
246
246
246
246
246
246
253
253
253
253
253
239
239
239
239
239
246
246
246
246
246
246
241
241
241
241
241
237
237
237
237
237
235
235
235
235
235
235
232
232
232
232
232
233
233
233
233
233
233
233
233
233
233
233
237
237
237
237
237
229
229
229
229
229
227
227
227
227
227
227
233
233
233
233
233
232
232
232
232
232
225
225
225
225
225
225
222
222
222
222
222
223
223
223
223
223
229
229
229
229
229
229
238
238
238
238
238
231
231
231
231
231
235
235
235
235
235
235
229
229
229
229
229
224
224
224
224
224
221
221
221
221
221
221
225
225
225
225
225
229
229
229
229
229
228
228
228
228
228
228
235
235
235
235
235
219
219
219
219
219
218
218
218
218
218
218
224
224
224
224
224
232
232
232
232
232
229
229
229
229
229
229
227
227
227
227
227
225
225
225
225
225
218
218
218
218
218
218
223
223
223
223
223
223
223
223
223
223
226
226
226
226
226
226
235
235
235
235
235
224
224
224
224
224
230
230
230
230
230
230
230
230
230
230
230
236
236
236
236
236
223
223
223
223
223
223
239
239
239
239
239
237
237
237
237
237
216
216
216
216
216
216
233
233
233
233
233
228
228
228
228
228
221
221
221
221
221
221
230
230
230
230
230
225
225
225
225
225
236
236
236
236
236
236
232
232
232
232
232
241
241
241
241
241
236
236
236
236
236
236
230
230
230
230
230
236
236
236
236
236
236
236
236
236
236
236
231
231
231
231
231
219
219
219
219
219
222
222
222
222
222
222
223
223
223
223
223
225
225
225
225
225
230
230
230
230
230
230
228
228
228
228
228
222
222
222
222
222
221
221
221
221
221
221
237
237
237
237
237
230
230
230
230
230
239
239
239
239
239
239
245
245
245
245
245
238
238
238
238
238
240
240
240
240
240
240
230
230
230
230
230
229
229
229
229
229
235
235
235
235
235
235
234
234
234
234
234
230
230
230
230
230
232
232
232
232
232
232
240
240
240
240
240
245
245
245
245
245
256
256
256
256
256
256
261
261
261
261
261
284
284
284
284
284
264
264
264
264
264
264
277
277
277
277
277
274
274
274
274
274
265
265
265
265
265
265
283
283
283
283
283
263
263
263
263
263
284
284
284
284
284
284
263
263
263
263
263
283
283
283
283
283
266
266
266
266
266
266
273
273
273
273
273
284
284
284
284
284
275
275
275
275
275
275
283
283
283
283
283
293
293
293
293
293
292
292
292
292
292
292
288
288
288
288
288
288
288
288
288
288
267
267
267
267
267
267
266
266
266
266
266
275
275
275
275
275
272
272
272
272
272
272
262
262
262
262
262
283
283
283
283
283
277
277
277
277
277
277
275
275
275
275
275
281
281
281
281
281
276
276
276
276
276
276
276
276
276
276
276
286
286
286
286
286
288
288
288
288
288
288
262
262
262
262
262
269
269
269
269
269
278
278
278
278
278
278
265
265
265
265
265
268
268
268
268
268
269
269
269
269
269
269
276
276
276
276
276
254
254
254
254
254
254
254
254
254
254
254
256
256
256
256
256
248
248
248
248
248
249
249
249
249
249
249
252
252
252
252
252
235
235
235
235
235
259
259
259
259
259
259
263
263
263
263
263
255
255
255
255
255
249
249
249
249
249
249
266
266
266
266
266
264
264
264
264
264
262
262
262
262
262
262
274
274
274
274
274
271
271
271
271
271
296
296
296
296
296
296
284
284
284
284
284
307
307
307
307
307
304
304
304
304
304
304
297
297
297
297
297
300
300
300
300
300
291
291
291
291
291
291
284
284
284
284
284
283
283
283
283
283
298
298
298
298
298
298
277
277
277
277
277
277
277
277
277
277
270
270
270
270
270
270
274
274
274
274
274
262
262
262
262
262
253
253
253
253
253
253
261
261
261
261
261
257
257
257
257
257
259
259
259
259
259
259
249
249
249
249
249
249
249
249
249
249
239
239
239
239
239
239
239
239
239
239
239
240
240
240
240
240
235
235
235
235
235
235
240
240
240
240
240
220
220
220
220
220
231
231
231
231
231
231
233
233
233
233
233
228
228
228
228
228
223
223
223
223
223
223
231
231
231
231
231
220
220
220
220
220
226
226
226
226
226
226
221
221
221
221
221
217
217
217
217
217
208
208
208
208
208
208
208
208
208
208
208
214
214
214
214
214
211
211
211
211
211
211
209
209
209
209
209
205
205
205
205
205
211
211
211
211
211
211
212
212
212
212
212
218
218
218
218
218
214
214
214
214
214
214
216
216
216
216
216
210
210
210
210
210
209
209
209
209
209
209
219
219
219
219
219
214
214
214
214
214
212
212
212
212
212
212
212
212
212
212
212
207
207
207
207
207
207
207
207
207
207
207
206
206
206
206
206
203
203
203
203
203
207
207
207
207
207
207
208
208
208
208
208
196
196
196
196
196
208
208
208
208
208
208
197
197
197
197
197
205
205
205
205
205
202
202
202
202
202
202
201
201
201
201
201
206
206
206
206
206
210
210
210
210
210
210
208
208
208
208
208
205
205
205
205
205
212
212
212
212
212
212
205
205
205
205
205
210
210
210
210
210
208
208
208
208
208
208
205
205
205
205
205
212
212
212
212
212
208
208
208
208
208
208
208
208
208
208
208
202
202
202
202
202
211
211
211
211
211
211
204
204
204
204
204
205
205
205
205
205
208
208
208
208
208
208
213
213
213
213
213
212
212
212
212
212
208
208
208
208
208
208
209
209
209
209
209
217
217
217
217
217
212
212
212
212
212
212
211
211
211
211
211
207
207
207
207
207
205
205
205
205
205
205
208
208
208
208
208
211
211
211
211
211
211
211
211
211
211
211
216
216
216
216
216
206
206
206
206
206
206
206
206
206
206
206
206
206
206
206
206
213
213
213
213
213
205
205
205
205
205
205
212
212
212
212
212
213
213
213
213
213
211
211
211
211
211
211
215
215
215
215
215
213
213
213
213
213
209
209
209
209
209
209
211
211
211
211
211
211
211
211
211
211
208
208
208
208
208
208
212
212
212
212
212
218
218
218
218
218
210
210
210
210
210
210
217
217
217
217
217
210
210
210
210
210
210
210
210
210
210
210
210
210
210
210
210
208
208
208
208
208
207
207
207
207
207
207
210
210
210
210
210
206
206
206
206
206
219
219
219
219
219
219
210
210
210
210
210
220
220
220
220
220
213
213
213
213
213
213
216
216
216
216
216
214
214
214
214
214
216
216
216
216
216
216
218
218
218
218
218
212
212
212
212
212
217
217
217
217
217
217
212
212
212
212
212
223
223
223
223
223
216
216
216
216
216
216
210
210
210
210
210
219
219
219
219
219
214
214
214
214
214
214
216
216
216
216
216
225
225
225
225
225
224
224
224
224
224
224
227
227
227
227
227
231
231
231
231
231
221
221
221
221
221
221
224
224
224
224
224
223
223
223
223
223
216
216
216
216
216
216
226
226
226
226
226
224
224
224
224
224
225
225
225
225
225
225
230
230
230
230
230
231
231
231
231
231
217
217
217
217
217
217
227
227
227
227
227
216
216
216
216
216
229
229
229
229
229
229
227
227
227
227
227
225
225
225
225
225
234
234
234
234
234
234
235
235
235
235
235
242
242
242
242
242
230
230
230
230
230
230
238
238
238
238
238
256
256
256
256
256
240
240
240
240
240
240
237
237
237
237
237
240
240
240
240
240
236
236
236
236
236
236
240
240
240
240
240
238
238
238
238
238
238
238
238
238
238
238
234
234
234
234
234
240
240
240
240
240
230
230
230
230
230
230
243
243
243
243
243
236
236
236
236
236
228
228
228
228
228
228
239
239
239
239
239
235
235
235
235
235
235
235
235
235
235
235
234
234
234
234
234
242
242
242
242
242
227
227
227
227
227
227
223
223
223
223
223
235
235
235
235
235
228
228
228
228
228
228
235
235
235
235
235
230
230
230
230
230
241
241
241
241
241
241
232
232
232
232
232
233
233
233
233
233
227
227
227
227
227
227
223
223
223
223
223
236
236
236
236
236
230
230
230
230
230
230
224
224
224
224
224
242
242
242
242
242
229
229
229
229
229
229
223
223
223
223
223
237
237
237
237
237
234
234
234
234
234
234
233
233
233
233
233
225
225
225
225
225
224
224
224
224
224
224
231
231
231
231
231
214
214
214
214
214
225
225
225
225
225
225
228
228
228
228
228
221
221
221
221
221
222
222
222
222
222
222
232
232
232
232
232
237
237
237
237
237
244
244
244
244
244
244
240
240
240
240
240
239
239
239
239
239
241
241
241
241
241
241
246
246
246
246
246
246
246
246
246
246
230
230
230
230
230
230
234
234
234
234
234
229
229
229
229
229
240
240
240
240
240
240
221
221
221
221
221
226
226
226
226
226
223
223
223
223
223
223
225
225
225
225
225
225
225
225
225
225
216
216
216
216
216
216
214
214
214
214
214
226
226
226
226
226
228
228
228
228
228
228
234
234
234
234
234
249
249
249
249
249
243
243
243
243
243
243
240
240
240
240
240
255
255
255
255
255
245
245
245
245
245
245
247
247
247
247
247
238
238
238
238
238
244
244
244
244
244
244
233
233
233
233
233
230
230
230
230
230
230
230
230
230
230
230
216
216
216
216
216
217
217
217
217
217
222
222
222
222
222
222
223
223
223
223
223
216
216
216
216
216
224
224
224
224
224
224
222
222
222
222
222
222
222
222
222
222
234
234
234
234
234
234
224
224
224
224
224
224
224
224
224
224
230
230
230
230
230
230
232
232
232
232
232
229
229
229
229
229
231
231
231
231
231
231
226
226
226
226
226
235
235
235
235
235
225
225
225
225
225
225
228
228
228
228
228
221
221
221
221
221
221
221
221
221
221
221
221
221
221
221
221
215
215
215
215
215
221
221
221
221
221
221
219
219
219
219
219
221
221
221
221
221
215
215
215
215
215
215
218
218
218
218
218
227
227
227
227
227
224
224
224
224
224
224
225
225
225
225
225
220
220
220
220
220
225
225
225
225
225
225
228
228
228
228
228
218
218
218
218
218
221
221
221
221
221
221
228
228
228
228
228
225
225
225
225
225
221
221
221
221
221
221
225
225
225
225
225
224
224
224
224
224
222
222
222
222
222
222
224
224
224
224
224
213
213
213
213
213
226
226
226
226
226
226
227
227
227
227
227
224
224
224
224
224
236
236
236
236
236
236
223
223
223
223
223
226
226
226
226
226
229
229
229
229
229
229
228
228
228
228
228
223
223
223
223
223
231
231
231
231
231
231
228
228
228
228
228
226
226
226
226
226
234
234
234
234
234
234
228
228
228
228
228
220
220
220
220
220
224
224
224
224
224
224
221
221
221
221
221
222
222
222
222
222
224
224
224
224
224
224
218
218
218
218
218
226
226
226
226
226
218
218
218
218
218
218
225
225
225
225
225
218
218
218
218
218
220
220
220
220
220
220
236
236
236
236
236
221
221
221
221
221
238
238
238
238
238
238
226
226
226
226
226
224
224
224
224
224
224
224
224
224
224
224
224
224
224
224
224
229
229
229
229
229
217
217
217
217
217
217
221
221
221
221
221
224
224
224
224
224
215
215
215
215
215
215
221
221
221
221
221
228
228
228
228
228
226
226
226
226
226
226
225
225
225
225
225
220
220
220
220
220
222
222
222
222
222
222
229
229
229
229
229
226
226
226
226
226
235
235
235
235
235
235
221
221
221
221
221
227
227
227
227
227
225
225
225
225
225
225
227
227
227
227
227
230
230
230
230
230
230
230
230
230
230
230
223
223
223
223
223
230
230
230
230
230
221
221
221
221
221
221
227
227
227
227
227
230
230
230
230
230
228
228
228
228
228
228
229
229
229
229
229
235
235
235
235
235
223
223
223
223
223
223
225
225
225
225
225
222
222
222
222
222
225
225
225
225
225
225
222
222
222
222
222
230
230
230
230
230
226
226
226
226
226
226
223
223
223
223
223
231
231
231
231
231
225
225
225
225
225
225
227
227
227
227
227
225
225
225
225
225
232
232
232
232
232
232
223
223
223
223
223
239
239
239
239
239
236
236
236
236
236
236
232
232
232
232
232
224
224
224
224
224
237
237
237
237
237
237
231
231
231
231
231
229
229
229
229
229
245
245
245
245
245
245
233
233
233
233
233
242
242
242
242
242
234
234
234
234
234
234
218
218
218
218
218
235
235
235
235
235
226
226
226
226
226
226
237
237
237
237
237
236
236
236
236
236
221
221
221
221
221
221
226
226
226
226
226
231
231
231
231
231
230
230
230
230
230
230
225
225
225
225
225
228
228
228
228
228
220
220
220
220
220
220
228
228
228
228
228
219
219
219
219
219
226
226
226
226
226
226
223
223
223
223
223
231
231
231
231
231
230
230
230
230
230
230
226
226
226
226
226
226
226
226
226
226
226
226
226
226
226
226
235
235
235
235
235
246
246
246
246
246
237
237
237
237
237
237
240
240
240
240
240
234
234
234
234
234
231
231
231
231
231
231
226
226
226
226
226
242
242
242
242
242
233
233
233
233
233
233
236
236
236
236
236
225
225
225
225
225
238
238
238
238
238
238
234