214
214
214
214
211
211
211
211
211
200
200
200
200
200
200
198
198
198
198
198
199
199
199
199
199
203
203
203
203
203
203
197
197
197
197
197
200
200
200
200
200
196
196
196
196
196
196
193
193
193
193
193
192
192
192
192
192
186
186
186
186
186
186
185
185
185
185
185
182
182
182
182
182
183
183
183
183
183
183
180
180
180
180
180
176
176
176
176
176
179
179
179
179
179
179
180
180
180
180
180
186
186
186
186
186
192
192
192
192
192
192
219
219
219
219
219
273
273
273
273
273
980
980
980
980
980
980
2688
2688
2688
2688
2688
4095
4095
4095
4095
4095
4095
4095
4095
4095
4095
4095
4095
4095
4095
4095
4095
4095
4095
4095
4095
4095
4095
4095
4095
4095
4095
4095
4095
4095
4095
4095
4095
3950
3950
3950
3950
3950
2651
2651
2651
2651
2651
2651
1114
1114
1114
1114
1114
288
288
288
288
288
217
217
217
217
217
217
198
198
198
198
198
181
181
181
181
181
175
175
175
175
175
175
177
177
177
177
177
177
177
177
177
177
177
177
177
177
177
177
176
176
176
176
176
179
179
179
179
179
190
190
190
190
190
190
193
193
193
193
193
198
198
198
198
198
198
198
198
198
198
198
203
203
203
203
203
195
195
195
195
195
194
194
194
194
194
194
190
190
190
190
190
187
187
187
187
187
181
181
181
181
181
181
180
180
180
180
180
188
188
188
188
188
180
180
180
180
180
180
173
173
173
173
173
180
180
180
180
180
184
184
184
184
184
184
185
185
185
185
185
190
190
190
190
190
189
189
189
189
189
189
201
201
201
201
201
206
206
206
206
206
215
215
215
215
215
215
228
228
228
228
228
246
246
246
246
246
240
240
240
240
240
240
269
269
269
269
269
280
280
280
280
280
296
296
296
296
296
296
321
321
321
321
321
344
344
344
344
344
419
419
419
419
419
419
466
466
466
466
466
526
526
526
526
526
603
603
603
603
603
603
605
605
605
605
605
616
616
616
616
616
571
571
571
571
571
571
546
546
546
546
546
476
476
476
476
476
405
405
405
405
405
405
360
360
360
360
360
335
335
335
335
335
317
317
317
317
317
317
289
289
289
289
289
268
268
268
268
268
235
235
235
235
235
235
239
239
239
239
239
242
242
242
242
242
233
233
233
233
233
233
236
236
236
236
236
228
228
228
228
228
232
232
232
232
232
232
228
228
228
228
228
231
231
231
231
231
234
234
234
234
234
234
223
223
223
223
223
206
206
206
206
206
219
219
219
219
219
219
219
219
219
219
219
214
214
214
214
214
212
212
212
212
212
212
212
212
212
212
212
215
215
215
215
215
217
217
217
217
217
217
216
216
216
216
216
224
224
224
224
224
241
241
241
241
241
241
252
252
252
252
252
262
262
262
262
262
261
261
261
261
261
261
270
270
270
270
270
261
261
261
261
261
243
243
243
243
243
243
252
252
252
252
252
231
231
231
231
231
225
225
225
225
225
225
217
217
217
217
217
220
220
220
220
220
214
214
214
214
214
214
216
216
216
216
216
217
217
217
217
217
205
205
205
205
205
205
207
207
207
207
207
209
209
209
209
209
211
211
211
211
211
211
203
203
203
203
203
216
216
216
216
216
215
215
215
215
215
215
225
225
225
225
225
219
219
219
219
219
216
216
216
216
216
216
215
215
215
215
215
215
215
215
215
215
218
218
218
218
218
218
216
216
216
216
216
209
209
209
209
209
213
213
213
213
213
213
208
208
208
208
208
203
203
203
203
203
208
208
208
208
208
208
198
198
198
198
198
196
196
196
196
196
195
195
195
195
195
195
199
199
199
199
199
204
204
204
204
204
205
205
205
205
205
205
201
201
201
201
201
205
205
205
205
205
201
201
201
201
201
201
205
205
205
205
205
213
213
213
213
213
205
205
205
205
205
205
201
201
201
201
201
216
216
216
216
216
211
211
211
211
211
211
206
206
206
206
206
216
216
216
216
216
213
213
213
213
213
213
210
210
210
210
210
203
203
203
203
203
212
212
212
212
212
212
213
213
213
213
213
211
211
211
211
211
214
214
214
214
214
214
210
210
210
210
210
203
203
203
203
203
206
206
206
206
206
206
205
205
205
205
205
207
207
207
207
207
202
202
202
202
202
202
210
210
210
210
210
198
198
198
198
198
207
207
207
207
207
207
210
210
210
210
210
215
215
215
215
215
210
210
210
210
210
210
207
207
207
207
207
214
214
214
214
214
202
202
202
202
202
202
214
214
214
214
214
195
195
195
195
195
202
202
202
202
202
202
203
203
203
203
203
203
203
203
203
203
200
200
200
200
200
200
195
195
195
195
195
201
201
201
201
201
206
206
206
206
206
206
196
196
196
196
196
200
200
200
200
200
201
201
201
201
201
201
201
201
201
201
201
199
199
199
199
199
206
206
206
206
206
206
202
202
202
202
202
202
202
202
202
202
204
204
204
204
204
204
200
200
200
200
200
194
194
194
194
194
204
204
204
204
204
204
207
207
207
207
207
202
202
202
202
202
202
202
202
202
202
202
202
202
202
202
202
207
207
207
207
207
208
208
208
208
208
208
203
203
203
203
203
214
214
214
214
214
223
223
223
223
223
223
228
228
228
228
228
237
237
237
237
237
231
231
231
231
231
231
242
242
242
242
242
234
234
234
234
234
247
247
247
247
247
247
241
241
241
241
241
228
228
228
228
228
227
227
227
227
227
227
229
229
229
229
229
234
234
234
234
234
217
217
217
217
217
217
228
228
228
228
228
221
221
221
221
221
238
238
238
238
238
238
218
218
218
218
218
235
235
235
235
235
227
227
227
227
227
227
223
223
223
223
223
247
247
247
247
247
240
240
240
240
240
240
242
242
242
242
242
232
232
232
232
232
246
246
246
246
246
246
240
240
240
240
240
237
237
237
237
237
245
245
245
245
245
245
241
241
241
241
241
244
244
244
244
244
240
240
240
240
240
240
250
250
250
250
250
247
247
247
247
247
241
241
241
241
241
241
249
249
249
249
249
241
241
241
241
241
236
236
236
236
236
236
229
229
229
229
229
226
226
226
226
226
229
229
229
229
229
229
222
222
222
222
222
224
224
224
224
224
220
220
220
220
220
220
222
222
222
222
222
219
219
219
219
219
223
223
223
223
223
223
223
223
223
223
223
216
216
216
216
216
240
240
240
240
240
240
237
237
237
237
237
254
254
254
254
254
249
249
249
249
249
249
251
251
251
251
251
269
269
269
269
269
287
287
287
287
287
287
265
265
265
265
265
278
278
278
278
278
270
270
270
270
270
270
277
277
277
277
277
267
267
267
267
267
270
270
270
270
270
270
270
270
270
270
270
289
289
289
289
289
285
285
285
285
285
285
296
296
296
296
296
289
289
289
289
289
291
291
291
291
291
291
287
287
287
287
287
299
299
299
299
299
286
286
286
286
286
286
285
285
285
285
285
268
268
268
268
268
282
282
282
282
282
282
278
278
278
278
278
266
266
266
266
266
253
253
253
253
253
253
258
258
258
258
258
246
246
246
246
246
260
260
260
260
260
260
260
260
260
260
260
265
265
265
265
265
257
257
257
257
257
257
254
254
254
254
254
243
243
243
243
243
258
258
258
258
258
258
245
245
245
245
245
254
254
254
254
254
268
268
268
268
268
268
262
262
262
262
262
255
255
255
255
255
259
259
259
259
259
259
264
264
264
264
264
261
261
261
261
261
263
263
263
263
263
263
256
256
256
256
256
278
278
278
278
278
265
265
265
265
265
265
275
275
275
275
275
270
270
270
270
270
287
287
287
287
287
287
284
284
284
284
284
295
295
295
295
295
291
291
291
291
291
291
291
291
291
291
291
316
316
316
316
316
315
315
315
315
315
315
323
323
323
323
323
309
309
309
309
309
340
340
340
340
340
340
321
321
321
321
321
322
322
322
322
322
324
324
324
324
324
324
324
324
324
324
324
330
330
330
330
330
330
330
330
330
330
330
329
329
329
329
329
337
337
337
337
337
332
332
332
332
332
332
317
317
317
317
317
310
310
310
310
310
306
306
306
306
306
306
317
317
317
317
317
301
301
301
301
301
305
305
305
305
305
305
288
288
288
288
288
310
310
310
310
310
321
321
321
321
321
321
329
329
329
329
329
357
357
357
357
357
394
394
394
394
394
394
431
431
431
431
431
450
450
450
450
450
448
448
448
448
448
448
435
435
435
435
435
410
410
410
410
410
389
389
389
389
389
389
365
365
365
365
365
370
370
370
370
370
384
384
384
384
384
384
375
375
375
375
375
405
405
405
405
405
429
429
429
429
429
429
466
466
466
466
466
505
505
505
505
505
514
514
514
514
514
514
531
531
531
531
531
514
514
514
514
514
524
524
524
524
524
524
526
526
526
526
526
504
504
504
504
504
485
485
485
485
485
485
499
499
499
499
499
510
510
510
510
510
497
497
497
497
497
497
527
527
527
527
527
533
533
533
533
533
549
549
549
549
549
549
540
540
540
540
540
541
541
541
541
541
500
500
500
500
500
500
496
496
496
496
496
470
470
470
470
470
449
449
449
449
449
449
419
419
419
419
419
410
410
410
410
410
411
411
411
411
411
411
379
379
379
379
379
415
415
415
415
415
431
431
431
431
431
431
448
448
448
448
448
505
505
505
505
505
527
527
527
527
527
527
585
585
585
585
585
594
594
594
594
594
599
599
599
599
599
599
586
586
586
586
586
600
600
600
600
600
555
555
555
555
555
555
596
596
596
596
596
600
600
600
600
600
660
660
660
660
660
660
716
716
716
716
716
791
791
791
791
791
883
883
883
883
883
883
987
987
987
987
987
1066
1066
1066
1066
1066
1094
1094
1094
1094
1094
1094
1140
1140
1140
1140
1140
1094
1094
1094
1094
1094
1062
1062
1062
1062
1062
1062
1044
1044
1044
1044
1044
977
977
977
977
977
943
943
943
943
943
943
893
893
893
893
893
880
880
880
880
880
887
887
887
887
887
887
948
948
948
948
948
998
998
998
998
998
1099
1099
1099
1099
1099
1099
1151
1151
1151
1151
1151
1220
1220
1220
1220
1220
1250
1250
1250
1250
1250
1250
1255
1255
1255
1255
1255
1236
1236
1236
1236
1236
1164
1164
1164
1164
1164
1164
1078
1078
1078
1078
1078
1023
1023
1023
1023
1023
944
944
944
944
944
944
909
909
909
909
909
838
838
838
838
838
810
810
810
810
810
810
823
823
823
823
823
823
823
823
823
823
840
840
840
840
840
840
889
889
889
889
889
893
893
893
893
893
929
929
929
929
929
929
984
984
984
984
984
987
987
987
987
987
1023
1023
1023
1023
1023
1023
977
977
977
977
977
972
972
972
972
972
948
948
948
948
948
948
891
891
891
891
891
878
878
878
878
878
818
818
818
818
818
818
790
790
790
790
790
775
775
775
775
775
754
754
754
754
754
754
737
737
737
737
737
716
716
716
716
716
711
711
711
711
711
711
670
670
670
670
670
670
670
670
670
670
656
656
656
656
656
656
645
645
645
645
645
606
606
606
606
606
607
607
607
607
607
607
578
578
578
578
578
599
599
599
599
599
565
565
565
565
565
565
549
549
549
549
549
525
525
525
525
525
522
522
522
522
522
522
489
489
489
489
489
484
484
484
484
484
457
457
457
457
457
457
445
445
445
445
445
430
430
430
430
430
418
418
418
418
418
418
448
448
448
448
448
434
434
434
434
434
439
439
439
439
439
439
413
413
413
413
413
440
440
440
440
440
414
414
414
414
414
414
403
403
403
403
403
377
377
377
377
377
377
377
377
377
377
377
386
386
386
386
386
353
353
353
353
353
378
378
378
378
378
378
355
355
355
355
355
345
345
345
345
345
341
341
341
341
341
341
332
332
332
332
332
318
318
318
318
318
306
306
306
306
306
306
293
293
293
293
293
280
280
280
280
280
291
291
291
291
291
291
286
286
286
286
286
296
296
296
296
296
278
278
278
278
278
278
285
285
285
285
285
286
286
286
286
286
291
291
291
291
291
291
283
283
283
283
283
271
271
271
271
271
282
282
282
282
282
282
261
261
261
261
261
267
267
267
267
267
262
262
262
262
262
262
269
269
269
269
269
260
260
260
260
260
264
264
264
264
264
264
250
250
250
250
250
249
249
249
249
249
247
247
247
247
247
247
244
244
244
244
244
251
251
251
251
251
237
237
237
237
237
237
243
243
243
243
243
234
234
234
234
234
241
241
241
241
241
241
246
246
246
246
246
239
239
239
239
239
240
240
240
240
240
240
237
237
237
237
237
247
247
247
247
247
249
249
249
249
249
249
260
260
260
260
260
243
243
243
243
243
260
260
260
260
260
260
247
247
247
247
247
246
246
246
246
246
235
235
235
235
235
235
248
248
248
248
248
257
257
257
257
257
254
254
254
254
254
254
254
254
254
254
254
259
259
259
259
259
253
253
253
253
253
253
256
256
256
256
256
246
246
246
246
246
258
258
258
258
258
258
259
259
259
259
259
233
233
233
233
233
249
249
249
249
249
249
246
246
246
246
246
250
250
250
250
250
255
255
255
255
255
255
237
237
237
237
237
251
251
251
251
251
251
251
251
251
251
251
261
261
261
261
261
252
252
252
252
252
275
275
275
275
275
275
273
273
273
273
273
252
252
252
252
252
256
256
256
256
256
256
262
262
262
262
262
261
261
261
261
261
262
262
262
262
262
262
265
265
265
265
265
261
261
261
261
261
250
250
250
250
250
250
270
270
270
270
270
249
249
249
249
249
261
261
261
261
261
261
257
257
257
257
257
265
265
265
265
265
257
257
257
257
257
257
272
272
272
272
272
274
274
274
274
274
266
266
266
266
266
266
268
268
268
268
268
281
281
281
281
281
284
284
284
284
284
284
268
268
268
268
268
277
277
277
277
277
271
271
271
271
271
271
273
273
273
273
273
269
269
269
269
269
279
279
279
279
279
279
289
289
289
289
289
281
281
281
281
281
284
284
284
284
284
284
277
277
277
277
277
270
270
270
270
270
276
276
276
276
276
276
302
302
302
302
302
277
277
277
277
277
296
296
296
296
296
296
294
294
294
294
294
318
318
318
318
318
303
303
303
303
303
303
307
307
307
307
307
321
321
321
321
321
316
316
316
316
316
316
321
321
321
321
321
292
292
292
292
292
319
319
319
319
319
319
333
333
333
333
333
327
327
327
327
327
331
331
331
331
331
331
327
327
327
327
327
347
347
347
347
347
358
358
358
358
358
358
376
376
376
376
376
391
391
391
391
391
428
428
428
428
428
428
412
412
412
412
412
458
458
458
458
458
456
456
456
456
456
456
447
447
447
447
447
461
461
461
461
461
480
480
480
480
480
480
462
462
462
462
462
464
464
464
464
464
513
513
513
513
513
513
492
492
492
492
492
524
524
524
524
524
571
571
571
571
571
571
580
580
580
580
580
590
590
590
590
590
610
610
610
610
610
610
649
649
649
649
649
658
658
658
658
658
670
670
670
670
670
670
710
710
710
710
710
733
733
733
733
733
745
745
745
745
745
745
748
748
748
748
748
742
742
742
742
742
783
783
783
783
783
783
755
755
755
755
755
759
759
759
759
759
755
755
755
755
755
755
760
760
760
760
760
737
737
737
737
737
760
760
760
760
760
760
764
764
764
764
764
804
804
804
804
804
810
810
810
810
810
810
845
845
845
845
845
848
848
848
848
848
867
867
867
867
867
867
872
872
872
872
872
877
877
877
877
877
847
847
847
847
847
847
840
840
840
840
840
839
839
839
839
839
824
824
824
824
824
824
838
838
838
838
838
829
829
829
829
829
823
823
823
823
823
823
853
853
853
853
853
817
817
817
817
817
847
847
847
847
847
847
850
850
850
850
850
862
862
862
862
862
845
845
845
845
845
845
852
852
852
852
852
828
828
828
828
828
799
799
799
799
799
799
781
781
781
781
781
723
723
723
723
723
705
705
705
705
705
705
664
664
664
664
664
635
635
635
635
635
628
628
628
628
628
628
643
643
643
643
643
641
641
641
641
641
656
656
656
656
656
656
711
711
711
711
711
776
776
776
776
776
875
875
875
875
875
875
989
989
989
989
989
1078
1078
1078
1078
1078
1158
1158
1158
1158
1158
1158
1244
1244
1244
1244
1244
1293
1293
1293
1293
1293
1295
1295
1295
1295
1295
1295
1309
1309
1309
1309
1309
1252
1252
1252
1252
1252
1190
1190
1190
1190
1190
1190
1116
1116
1116
1116
1116
1000
1000
1000
1000
1000
935
935
935
935
935
935
862
862
862
862
862
808
808
808
808
808
796
796
796
796
796
796
787
787
787
787
787
840
840
840
840
840
908
908
908
908
908
908
1020
1020
1020
1020
1020
1095
1095
1095
1095
1095
1221
1221
1221
1221
1221
1221
1295
1295
1295
1295
1295
1421
1421
1421
1421
1421
1496
1496
1496
1496
1496
1496
1537
1537
1537
1537
1537
1548
1548
1548
1548
1548
1534
1534
1534
1534
1534
1534
1506
1506
1506
1506
1506
1437
1437
1437
1437
1437
1379
1379
1379
1379
1379
1379
1332
1332
1332
1332
1332
1263
1263
1263
1263
1263
1202
1202
1202
1202
1202
1202
1176
1176
1176
1176
1176
1117
1117
1117
1117
1117
1098
1098
1098
1098
1098
1098
1103
1103
1103
1103
1103
1102
1102
1102
1102
1102
1138
1138
1138
1138
1138
1138
1175
1175
1175
1175
1175
1211
1211
1211
1211
1211
1253
1253
1253
1253
1253
1253
1309
1309
1309
1309
1309
1351
1351
1351
1351
1351
1432
1432
1432
1432
1432
1432
1497
1497
1497
1497
1497
1478
1478
1478
1478
1478
1550
1550
1550
1550
1550
1550
1544
1544
1544
1544
1544
1570
1570
1570
1570
1570
1573
1573
1573
1573
1573
1573
1519
1519
1519
1519
1519
1485
1485
1485
1485
1485
1473
1473
1473
1473
1473
1473
1464
1464
1464
1464
1464
1474
1474
1474
1474
1474
1485
1485
1485
1485
1485
1485
1530
1530
1530
1530
1530
1557
1557
1557
1557
1557
1609
1609
1609
1609
1609
1609
1665
1665
1665
1665
1665
1663
1663
1663
1663
1663
1740
1740
1740
1740
1740
1740
1755
1755
1755
1755
1755
1735
1735
1735
1735
1735
1754
1754
1754
1754
1754
1754
1724
1724
1724
1724
1724
1733
1733
1733
1733
1733
1780
1780
1780
1780
1780
1780
1778
1778
1778
1778
1778
1782
1782
1782
1782
1782
1837
1837
1837
1837
1837
1837
1895
1895
1895
1895
1895
1972
1972
1972
1972
1972
2030
2030
2030
2030
2030
2030
2030
2030
2030
2030
2030
2081
2081
2081
2081
2081
2122
2122
2122
2122
2122
2122
2163
2163
2163
2163
2163
2147
2147
2147
2147
2147
2211
2211
2211
2211
2211
2211
2169
2169
2169
2169
2169
2207
2207
2207
2207
2207
2221
2221
2221
2221
2221
2221
2225
2225
2225
2225
2225
2233
2233
2233
2233
2233
2243
2243
2243
2243
2243
2243
2227
2227
2227
2227
2227
2225
2225
2225
2225
2225
2209
2209
2209
2209
2209
2209
2181
2181
2181
2181
2181
2177
2177
2177
2177
2177
2147
2147
2147
2147
2147
2147
2147
2147
2147
2147
2147
2175
2175
2175
2175
2175
2188
2188
2188
2188
2188
2188
2236
2236
2236
2236
2236
2309
2309
2309
2309
2309
2345
2345
2345
2345
2345
2345
2419
2419
2419
2419
2419
2462
2462
2462
2462
2462
2508
2508
2508
2508
2508
2508
2526
2526
2526
2526
2526
2496
2496
2496
2496
2496
2484
2484
2484
2484
2484
2484
2478
2478
2478
2478
2478
2465
2465
2465
2465
2465
2424
2424
2424
2424
2424
2424
2434
2434
2434
2434
2434
2463
2463
2463
2463
2463
2471
2471
2471
2471
2471
2471
2471
2471
2471
2471
2471
2502
2502
2502
2502
2502
2527
2527
2527
2527
2527
2527
2508
2508
2508
2508
2508
2502
2502
2502
2502
2502
2492
2492
2492
2492
2492
2492
2455
2455
2455
2455
2455
2428
2428
2428
2428
2428
2381
2381
2381
2381
2381
2381
2294
2294
2294
2294
2294
2314
2314
2314
2314
2314
2267
2267
2267
2267
2267
2267
2266
2266
2266
2266
2266
2309
2309
2309
2309
2309
2309
2309
2309
2309
2309
2309
2357
2357
2357
2357
2357
2399
2399
2399
2399
2399
2417
2417
2417
2417
2417
2417
2438
2438
2438
2438
2438
2463
2463
2463
2463
2463
2444
2444
2444
2444
2444
2444
2448
2448
2448
2448
2448
2395
2395
2395
2395
2395
2311
2311
2311
2311
2311
2311
2251
2251
2251
2251
2251
2219
2219
2219
2219
2219
2168
2168
2168
2168
2168
2168
2104
2104
2104
2104
2104
2078
2078
2078
2078
2078
2048
2048
2048
2048
2048
2048
2046
2046
2046
2046
2046
2064
2064
2064
2064
2064
2038
2038
2038
2038
2038
2038
2020
2020
2020
2020
2020
1991
1991
1991
1991
1991
2004
2004
2004
2004
2004
2004
1985
1985
1985
1985
1985
1948
1948
1948
1948
1948
1947
1947
1947
1947
1947
1947
1904
1904
1904
1904
1904
1918
1918
1918
1918
1918
1877
1877
1877
1877
1877
1877
1877
1877
1877
1877
1877
1869
1869
1869
1869
1869
1865
1865
1865
1865
1865
1865
1903
1903
1903
1903
1903
1870
1870
1870
1870
1870
1863
1863
1863
1863
1863
1863
1861
1861
1861
1861
1861
1831
1831
1831
1831
1831
1790
1790
1790
1790
1790
1790
1742
1742
1742
1742
1742
1718
1718
1718
1718
1718
1665
1665
1665
1665
1665
1665
1614
1614
1614
1614
1614
1538
1538
1538
1538
1538
1491
1491
1491
1491
1491
1491
1458
1458
1458
1458
1458
1364
1364
1364
1364
1364
1324
1324
1324
1324
1324
1324
1261
1261
1261
1261
1261
1234
1234
1234
1234
1234
1224
1224
1224
1224
1224
1224
1188
1188
1188
1188
1188
1244
1244
1244
1244
1244
1228
1228
1228
1228
1228
1228
1281
1281
1281
1281
1281
1256
1256
1256
1256
1256
1306
1306
1306
1306
1306
1306
1308
1308
1308
1308
1308
1316
1316
1316
1316
1316
1316
1316
1316
1316
1316
1316
1283
1283
1283
1283
1283
1294
1294
1294
1294
1294
1257
1257
1257
1257
1257
1257
1274
1274
1274
1274
1274
1246
1246
1246
1246
1246
1242
1242
1242
1242
1242
1242
1215
1215
1215
1215
1215
1172
1172
1172
1172
1172
1162
1162
1162
1162
1162
1162
1109
1109
1109
1109
1109
1126
1126
1126
1126
1126
1024
1024
1024
1024
1024
1024
1048
1048
1048
1048
1048
967
967
967
967
967
1001
1001
1001
1001
1001
1001
963
963
963
963
963
960
960
960
960
960
992
992
992
992
992
992
956
956
956
956
956
1003
1003
1003
1003
1003
975
975
975
975
975
975
984
984
984
984
984
985
985
985
985
985
978
978
978
978
978
978
963
963
963
963
963
928
928
928
928
928
943
943
943
943
943
943
878
878
878
878
878
884
884
884
884
884
820
820
820
820
820
820
815
815
815
815
815
807
807
807
807
807
781
781
781
781
781
781
793
793
793
793
793
783
783
783
783
783
788
788
788
788
788
788
773
773
773
773
773
770
770
770
770
770
750
750
750
750
750
750
738
738
738
738
738
735
735
735
735
735
682
682
682
682
682
682
704
704
704
704
704
669
669
669
669
669
704
704
704
704
704
704
668
668
668
668
668
711
711
711
711
711
677
677
677
677
677
677
662
662
662
662
662
660
660
660
660
660
688
688
688
688
688
688
656
656
656
656
656
676
676
676
676
676
660
660
660
660
660
660
647
647
647
647
647
677
677
677
677
677
675
675
675
675
675
675
664
664
664
664
664
676
676
676
676
676
674
674
674
674
674
674
632
632
632
632
632
667
667
667
667
667
630
630
630
630
630
630
665
665
665
665
665
632
632
632
632
632
655
655
655
655
655
655
604
604
604
604
604
602
602
602
602
602
599
599
599
599
599
599
580
580
580
580
580
590
590
590
590
590
557
557
557
557
557
557
605
605
605
605
605
572
572
572
572
572
611
611
611
611
611
611
603
603
603
603
603
622
622
622
622
622
626
626
626
626
626
626
611
611
611
611
611
623
623
623
623
623
587
587
587
587
587
587
639
639
639
639
639
600
600
600
600
600
665
665
665
665
665
665
616
616
616
616
616
632
632
632
632
632
629
629
629
629
629
629
622
622
622
622
622
614
614
614
614
614
560
560
560
560
560
560
578
578
578
578
578
544
544
544
544
544
516
516
516
516
516
516
462
462
462
462
462
452
452
452