216
216
216
215
215
215
215
215
215
216
216
216
216
216
214
214
214
214
214
211
211
211
211
211
211
228
228
228
228
228
235
235
235
235
235
243
243
243
243
243
243
231
231
231
231
231
233
233
233
233
233
231
231
231
231
231
231
231
231
231
231
231
223
223
223
223
223
206
206
206
206
206
206
214
214
214
214
214
203
203
203
203
203
198
198
198
198
198
198
201
201
201
201
201
194
194
194
194
194
197
197
197
197
197
197
188
188
188
188
188
203
203
203
203
203
197
197
197
197
197
197
199
199
199
199
199
201
201
201
201
201
197
197
197
197
197
197
193
193
193
193
193
195
195
195
195
195
184
184
184
184
184
184
190
190
190
190
190
189
189
189
189
189
185
185
185
185
185
185
176
176
176
176
176
183
183
183
183
183
181
181
181
181
181
181
180
180
180
180
180
176
176
176
176
176
181
181
181
181
181
181
184
184
184
184
184
195
195
195
195
195
208
208
208
208
208
208
236
236
236
236
236
261
261
261
261
261
432
432
432
432
432
432
1082
1082
1082
1082
1082
1977
1977
1977
1977
1977
2794
2794
2794
2794
2794
2794
3355
3355
3355
3355
3355
3823
3823
3823
3823
3823
3868
3868
3868
3868
3868
3868
3781
3781
3781
3781
3781
3385
3385
3385
3385
3385
2857
2857
2857
2857
2857
2857
2156
2156
2156
2156
2156
1432
1432
1432
1432
1432
812
812
812
812
812
812
439
439
439
439
439
307
307
307
307
307
289
289
289
289
289
289
271
271
271
271
271
283
283
283
283
283
258
258
258
258
258
258
273
273
273
273
273
291
291
291
291
291
287
287
287
287
287
287
288
288
288
288
288
278
278
278
278
278
271
271
271
271
271
271
263
263
263
263
263
253
253
253
253
253
244
244
244
244
244
244
243
243
243
243
243
244
244
244
244
244
234
234
234
234
234
234
241
241
241
241
241
236
236
236
236
236
240
240
240
240
240
240
250
250
250
250
250
253
253
253
253
253
244
244
244
244
244
244
243
243
243
243
243
241
241
241
241
241
232
232
232
232
232
232
234
234
234
234
234
228
228
228
228
228
220
220
220
220
220
220
231
231
231
231
231
233
233
233
233
233
238
238
238
238
238
238
250
250
250
250
250
260
260
260
260
260
261
261
261
261
261
261
297
297
297
297
297
321
321
321
321
321
361
361
361
361
361
361
380
380
380
380
380
386
386
386
386
386
387
387
387
387
387
387
387
387
387
387
387
347
347
347
347
347
323
323
323
323
323
323
290
290
290
290
290
273
273
273
273
273
260
260
260
260
260
260
251
251
251
251
251
231
231
231
231
231
236
236
236
236
236
236
235
235
235
235
235
250
250
250
250
250
253
253
253
253
253
253
254
254
254
254
254
271
271
271
271
271
285
285
285
285
285
285
309
309
309
309
309
306
306
306
306
306
339
339
339
339
339
339
349
349
349
349
349
322
322
322
322
322
313
313
313
313
313
313
298
298
298
298
298
279
279
279
279
279
287
287
287
287
287
287
269
269
269
269
269
283
283
283
283
283
258
258
258
258
258
258
284
284
284
284
284
290
290
290
290
290
277
277
277
277
277
277
277
277
277
277
277
250
250
250
250
250
258
258
258
258
258
258
240
240
240
240
240
232
232
232
232
232
219
219
219
219
219
219
226
226
226
226
226
219
219
219
219
219
219
219
219
219
219
219
218
218
218
218
218
225
225
225
225
225
221
221
221
221
221
221
236
236
236
236
236
234
234
234
234
234
233
233
233
233
233
233
232
232
232
232
232
233
233
233
233
233
241
241
241
241
241
241
227
227
227
227
227
228
228
228
228
228
218
218
218
218
218
218
228
228
228
228
228
230
230
230
230
230
224
224
224
224
224
224
225
225
225
225
225
216
216
216
216
216
221
221
221
221
221
221
219
219
219
219
219
214
214
214
214
214
217
217
217
217
217
217
222
222
222
222
222
218
218
218
218
218
211
211
211
211
211
211
217
217
217
217
217
213
213
213
213
213
212
212
212
212
212
212
215
215
215
215
215
207
207
207
207
207
207
207
207
207
207
207
200
200
200
200
200
201
201
201
201
201
205
205
205
205
205
205
201
201
201
201
201
207
207
207
207
207
197
197
197
197
197
197
202
202
202
202
202
203
203
203
203
203
209
209
209
209
209
209
203
203
203
203
203
207
207
207
207
207
204
204
204
204
204
204
203
203
203
203
203
210
210
210
210
210
213
213
213
213
213
213
203
203
203
203
203
208
208
208
208
208
195
195
195
195
195
195
199
199
199
199
199
203
203
203
203
203
208
208
208
208
208
208
198
198
198
198
198
210
210
210
210
210
202
202
202
202
202
202
209
209
209
209
209
212
212
212
212
212
209
209
209
209
209
209
216
216
216
216
216
213
213
213
213
213
204
204
204
204
204
204
210
210
210
210
210
212
212
212
212
212
210
210
210
210
210
210
210
210
210
210
210
211
211
211
211
211
211
211
211
211
211
211
213
213
213
213
213
205
205
205
205
205
207
207
207
207
207
207
213
213
213
213
213
211
211
211
211
211
212
212
212
212
212
212
206
206
206
206
206
210
210
210
210
210
203
203
203
203
203
203
203
203
203
203
203
205
205
205
205
205
202
202
202
202
202
202
208
208
208
208
208
212
212
212
212
212
203
203
203
203
203
203
204
204
204
204
204
215
215
215
215
215
204
204
204
204
204
204
206
206
206
206
206
204
204
204
204
204
211
211
211
211
211
211
204
204
204
204
204
206
206
206
206
206
204
204
204
204
204
204
208
208
208
208
208
201
201
201
201
201
207
207
207
207
207
207
206
206
206
206
206
203
203
203
203
203
211
211
211
211
211
211
215
215
215
215
215
216
216
216
216
216
211
211
211
211
211
211
215
215
215
215
215
215
215
215
215
215
213
213
213
213
213
213
206
206
206
206
206
211
211
211
211
211
202
202
202
202
202
202
211
211
211
211
211
207
207
207
207
207
202
202
202
202
202
202
211
211
211
211
211
210
210
210
210
210
209
209
209
209
209
209
219
219
219
219
219
217
217
217
217
217
206
206
206
206
206
206
216
216
216
216
216
217
217
217
217
217
210
210
210
210
210
210
204
204
204
204
204
211
211
211
211
211
208
208
208
208
208
208
207
207
207
207
207
204
204
204
204
204
204
204
204
204
204
204
205
205
205
205
205
212
212
212
212
212
206
206
206
206
206
206
209
209
209
209
209
211
211
211
211
211
208
208
208
208
208
208
206
206
206
206
206
208
208
208
208
208
214
214
214
214
214
214
216
216
216
216
216
215
215
215
215
215
219
219
219
219
219
219
221
221
221
221
221
219
219
219
219
219
219
219
219
219
219
219
215
215
215
215
215
216
216
216
216
216
221
221
221
221
221
221
211
211
211
211
211
214
214
214
214
214
219
219
219
219
219
219
214
214
214
214
214
214
214
214
214
214
223
223
223
223
223
223
215
215
215
215
215
212
212
212
212
212
215
215
215
215
215
215
214
214
214
214
214
227
227
227
227
227
208
208
208
208
208
208
220
220
220
220
220
214
214
214
214
214
219
219
219
219
219
219
215
215
215
215
215
219
219
219
219
219
211
211
211
211
211
211
223
223
223
223
223
212
212
212
212
212
220
220
220
220
220
220
220
220
220
220
220
222
222
222
222
222
220
220
220
220
220
220
217
217
217
217
217
223
223
223
223
223
223
223
223
223
223
223
213
213
213
213
213
221
221
221
221
221
215
215
215
215
215
215
213
213
213
213
213
216
216
216
216
216
211
211
211
211
211
211
218
218
218
218
218
221
221
221
221
221
219
219
219
219
219
219
219
219
219
219
219
212
212
212
212
212
218
218
218
218
218
218
218
218
218
218
218
209
209
209
209
209
215
215
215
215
215
215
228
228
228
228
228
224
224
224
224
224
224
224
224
224
224
224
237
237
237
237
237
231
231
231
231
231
227
227
227
227
227
227
225
225
225
225
225
231
231
231
231
231
222
222
222
222
222
222
222
222
222
222
222
230
230
230
230
230
226
226
226
226
226
226
219
219
219
219
219
218
218
218
218
218
222
222
222
222
222
222
219
219
219
219
219
222
222
222
222
222
223
223
223
223
223
223
221
221
221
221
221
218
218
218
218
218
222
222
222
222
222
222
231
231
231
231
231
224
224
224
224
224
217
217
217
217
217
217
232
232
232
232
232
231
231
231
231
231
230
230
230
230
230
230
220
220
220
220
220
227
227
227
227
227
216
216
216
216
216
216
221
221
221
221
221
228
228
228
228
228
229
229
229
229
229
229
224
224
224
224
224
227
227
227
227
227
223
223
223
223
223
223
229
229
229
229
229
229
229
229
229
229
237
237
237
237
237
237
236
236
236
236
236
234
234
234
234
234
234
234
234
234
234
234
222
222
222
222
222
224
224
224
224
224
223
223
223
223
223
223
219
219
219
219
219
227
227
227
227
227
222
222
222
222
222
222
235
235
235
235
235
234
234
234
234
234
240
240
240
240
240
240
236
236
236
236
236
243
243
243
243
243
225
225
225
225
225
225
244
244
244
244
244
240
240
240
240
240
232
232
232
232
232
232
249
249
249
249
249
234
234
234
234
234
227
227
227
227
227
227
237
237
237
237
237
231
231
231
231
231
238
238
238
238
238
238
252
252
252
252
252
243
243
243
243
243
261
261
261
261
261
261
246
246
246
246
246
248
248
248
248
248
259
259
259
259
259
259
247
247
247
247
247
270
270
270
270
270
245
245
245
245
245
245
233
233
233
233
233
239
239
239
239
239
237
237
237
237
237
237
235
235
235
235
235
237
237
237
237
237
252
252
252
252
252
252
242
242
242
242
242
251
251
251
251
251
244
244
244
244
244
244
235
235
235
235
235
249
249
249
249
249
255
255
255
255
255
255
247
247
247
247
247
243
243
243
243
243
248
248
248
248
248
248
244
244
244
244
244
246
246
246
246
246
257
257
257
257
257
257
239
239
239
239
239
245
245
245
245
245
251
251
251
251
251
251
243
243
243
243
243
248
248
248
248
248
267
267
267
267
267
267
250
250
250
250
250
253
253
253
253
253
254
254
254
254
254
254
251
251
251
251
251
244
244
244
244
244
250
250
250
250
250
250
249
249
249
249
249
241
241
241
241
241
252
252
252
252
252
252
252
252
252
252
252
258
258
258
258
258
251
251
251
251
251
251
253
253
253
253
253
262
262
262
262
262
252
252
252
252
252
252
271
271
271
271
271
253
253
253
253
253
253
253
253
253
253
253
259
259
259
259
259
253
253
253
253
253
250
250
250
250
250
250
254
254
254
254
254
254
254
254
254
254
275
275
275
275
275
275
260
260
260
260
260
260
260
260
260
260
259
259
259
259
259
259
264
264
264
264
264
249
249
249
249
249
248
248
248
248
248
248
256
256
256
256
256
249
249
249
249
249
241
241
241
241
241
241
248
248
248
248
248
238
238
238
238
238
245
245
245
245
245
245
232
232
232
232
232
241
241
241
241
241
237
237
237
237
237
237
240
240
240
240
240
242
242
242
242
242
248
248
248
248
248
248
247
247
247
247
247
250
250
250
250
250
249
249
249
249
249
249
243
243
243
243
243
257
257
257
257
257
240
240
240
240
240
240
259
259
259
259
259
247
247
247
247
247
247
247
247
247
247
247
237
237
237
237
237
247
247
247
247
247
243
243
243
243
243
243
240
240
240
240
240
239
239
239
239
239
238
238
238
238
238
238
221
221
221
221
221
231
231
231
231
231
238
238
238
238
238
238
226
226
226
226
226
235
235
235
235
235
232
232
232
232
232
232
228
228
228
228
228
235
235
235
235
235
227
227
227
227
227
227
232
232
232
232
232
219
219
219
219
219
217
217
217
217
217
217
228
228
228
228
228
219
219
219
219
219
224
224
224
224
224
224
220
220
220
220
220
216
216
216
216
216
208
208
208
208
208
208
227
227
227
227
227
230
230
230
230
230
230
230
230
230
230
230
217
217
217
217
217
228
228
228
228
228
227
227
227
227
227
227
216
216
216
216
216
215
215
215
215
215
221
221
221
221
221
221
215
215
215
215
215
217
217
217
217
217
221
221
221
221
221
221
219
219
219
219
219
218
218
218
218
218
228
228
228
228
228
228
217
217
217
217
217
222
222
222
222
222
211
211
211
211
211
211
214
214
214
214
214
212
212
212
212
212
215
215
215
215
215
215
223
223
223
223
223
226
226
226
226
226
221
221
221
221
221
221
234
234
234
234
234
225
225
225
225
225
224
224
224
224
224
224
230
230
230
230
230
226
226
226
226
226
222
222
222
222
222
222
226
226
226
226
226
231
231
231
231
231
227
227
227
227
227
227
235
235
235
235
235
229
229
229
229
229
229
229
229
229
229
229
220
220
220
220
220
221
221
221
221
221
230
230
230
230
230
230
229
229
229
229
229
233
233
233
233
233
220
220
220
220
220
220
228
228
228
228
228
233
233
233
233
233
222
222
222
222
222
222
226
226
226
226
226
223
223
223
223
223
228
228
228
228
228
228
224
224
224
224
224
223
223
223
223
223
221
221
221
221
221
221
223
223
223
223
223
223
223
223
223
223
220
220
220
220
220
220
217
217
217
217
217
220
220
220
220
220
221
221
221
221
221
221
225
225
225
225
225
238
238
238
238
238
223
223
223
223
223
223
223
223
223
223
223
221
221
221
221
221
232
232
232
232
232
232
237
237
237
237
237
226
226
226
226
226
226
226
226
226
226
226
219
219
219
219
219
221
221
221
221
221
225
225
225
225
225
225
223
223
223
223
223
226
226
226
226
226
228
228
228
228
228
228
231
231
231
231
231
232
232
232
232
232
237
237
237
237
237
237
225
225
225
225
225
232
232
232
232
232
231
231
231
231
231
231
220
220
220
220
220
224
224
224
224
224
223
223
223
223
223
223
229
229
229
229
229
227
227
227
227
227
224
224
224
224
224
224
220
220
220
220
220
231
231
231
231
231
231
231
231
231
231
231
230
230
230
230
230
233
233
233
233
233
227
227
227
227
227
227
228
228
228
228
228
220
220
220
220
220
232
232
232
232
232
232
222
222
222
222
222
231
231
231
231
231
235
235
235
235
235
235
231
231
231
231
231
244
244
244
244
244
229
229
229
229
229
229
228
228
228
228
228
231
231
231
231
231
221
221
221
221
221
221
224
224
224
224
224
235
235
235
235
235
235
235
235
235
235
235
226
226
226
226
226
245
245
245
245
245
230
230
230
230
230
230
252
252
252
252
252
234
234
234
234
234
240
240
240
240
240
240
220
220
220
220
220
239
239
239
239
239
237
237
237
237
237
237
237
237
237
237
237
238
238
238
238
238
230
230
230
230
230
230
238
238
238
238
238
229
229
229
229
229
228
228
228
228
228
228
241
241
241
241
241
232
232
232
232
232
251
251
251
251
251
251
244
244
244
244
244
246
246
246
246
246
255
255
255
255
255
255
251
251
251
251
251
241
241
241
241
241
253
253
253
253
253
253
251
251
251
251
251
246
246
246
246
246
239
239
239
239
239
239
246
246
246
246
246
247
247
247
247
247
243
243
243
243
243
243
240
240
240
240
240
235
235
235
235
235
242
242
242
242
242
242
243
243
243
243
243
236
236
236
236
236
237
237
237
237
237
237
240
240
240
240
240
235
235
235
235
235
241
241
241
241
241
241
247
247
247
247
247
238
238
238
238
238
237
237
237
237
237
237
245
245
245
245
245
243
243
243
243
243
232
232
232
232
232
232
236
236
236
236
236
245
245
245
245
245
237
237
237
237
237
237
237
237
237
237
237
242
242
242
242
242
241
241
241
241
241
241
248
248
248
248
248
248
248
248
248
248
242
242
242
242
242
242
248
248
248
248
248
256
256
256
256
256
249
249
249
249
249
249
247
247
247
247
247
250
250
250
250
250
236
236
236
236
236
236
254
254
254
254
254
239
239
239
239
239
250
250
250
250
250
250
254
254
254
254
254
261
261
261
261
261
259
259
259
259
259
259
265
265
265
265
265
250
250
250
250
250
249
249
249
249
249
249
248
248
248
248
248
235
235
235
235
235
242
242
242
242
242
242
241
241
241
241
241
243
243
243
243
243
236
236
236
236
236
236
231
231
231
231
231
244
244
244
244
244
228
228
228
228
228
228
229
229
229
229
229
233
233
233
233
233
237
237
237
237
237
237
237
237
237
237
237
250
250
250
250
250
252
252
252
252
252
252
247
247
247
247
247
247
247
247
247
247
248
248
248
248
248
248
252
252
252
252
252
257
257
257
257
257
242
242
242
242
242
242
252
252
252
252
252
246
246
246
246
246
247
247
247
247
247
247
243
243
243
243
243
241
241
241
241
241
246
246
246
246
246
246
243
243
243
243
243
234
234
234
234
234
234
234
234
234
234
234
234
234
234
234
234
242
242
242
242
242
230
230
230
230
230
230
236
236
236
236
236
235
235
235
235
235
249
249
249
249
249
249
230
230
230
230
230
231
231
231
231
231
239
239
239
239
239
239
233
233
233
233
233
252
252
252
252
252
248
248
248
248
248
248
241
241
241
241
241
257
257
257
257
257
255
255
255
255
255
255
255
255
255
255
255
254
254
254
254
254
258
258
258
258
258
258
241
241
241
241
241
244
244
244
244
244
252
252
252
252
252
252
237
237
237
237
237
248
248
248
248
248
244
244
244
244
244
244
241
241
241
241
241
237
237
237
237
237
233
233
233
233
233
233
246
246
246
246
246
242
242
242
242
242
241
241
241
241
241
241
239
239
239
239
239
233
233
233
233
233
234
234
234
234
234
234
232
232
232
232
232
235
235
235
235
235
238
238
238
238
238
238
238
238
238
238
238
238
238
238
238
238
239
239
239
239
239
239
234
234
234
234
234
229
229
229
229
229
221
221
221
221
221
221
241
241
241
241
241
233
233
233
233
233
224
224
224
224
224
224
233
233
233
233
233
236
236
236
236
236
233
233
233
233
233
233
229
229
229
229
229
239
239
239
239
239
237
237
237
237
237
237
235
235
235
235
235
238
238
238
238
238
239
239
239
239
239
239
234
234
234
234
234
237
237
237
237
237
234
234
234
234
234
234
233
233
233
233
233
233
233
233
233
233
240
240
240
240
240
240
228
228
228
228
228
232
232
232
232
232
236
236
236
236
236
236
240
240
240
240
240
231
231
231
231
231
226
226
226
226
226
226
235
235
235
235
235
232
232
232
232
232
234
234
234
234
234
234
230
230
230
230
230
234
234
234
234
234
241
241
241
241
241
241
228
228
228
228
228
239
239
239
239
239
232
232
232
232
232
232
237
237
237
237
237
235
235
235
235
235
234
234
234
234
234
234
238
238
238
238
238
229
229
229
229
229
231
231
231
231
231
231
236
236
236
236
236
231
231
231
231
231
235
235
235
235
235
235
234
234
234
234
234
236
236
236
236
236
249
249
249
249
249
249
227
227
227
227
227
238
238
238
238
238
231
231
231
231
231
231
228
228
228
228
228
226
226
226
226
226
232
232
232
232
232
232
231
231
231
231
231
236
236
236
236
236
229
229
229
229
229
229
234
234
234
234
234
225
225
225
225
225
234
234
234
234
234
234
226
226
226
226
226
228
228
228
228
228
236
236
236
236
236
236
222
222
222
222
222
226
226
226
226
226
227
227
227
227
227
227
231
231
231
231
231
234
234
234
234
234
232
232
232
232
232
232
232
232
232
232
232
233
233
233
233
233
235
235
235
235
235
235
232
232
232
232
232
226
226
226
226
226
226
226
226
226
226
226
232
232
232
232
232
228
228
228
228
228
236
236
236
236
236
236
232
232
232
232
232
228
228
228
228
228
228
228
228
228
228
228
232
232
232
232
232
233
233
233
233
233
223
223
223
223
223
223
229
229
229
229
229
223
223
223
223
223
228
228
228
228
228
228
228
228
228
228
228
232
232
232
232
232
232
232
232
232
232
232
225
225
225
225
225
230
230
230
230
230
234
234
234
234
234
234
226
226
226
226
226
238
238
238
238
238
226
226
226
226
226
226
229
229
229
229
229
225
225
225
225
225
226
226
226
226
226
226
233
233
233
233
233
232
232
232
232
232
237
237
237
237
237
237
229
229
229
229
229
233
233
233
233
233
227
227
227
227
227
227
236
236
236
236
236
238
238
238
238
238
225
225
225
225
225
225
222
222
222
222
222
230
230
230
230
230
233
233
233
233
233
233
225
225
225
225
225
230
230
230
230
230
224
224
224
224
224
224
223
223
223
223
223
228
228
228
228
228
227
227
227
227
227
227
227
227
227
227
227
225
225
225
225
225
225
225
225
225
225
225
225
225
225
225
225
227
227
227
227
227
228
228
228
228
228
228
226
226
226
226
226
238
238
238
238
238
228
228
228
228
228
228
241
241
241
241
241
230
230
230
230
230
234
234
234
234
234
234
229
229
229
229
229
222
222
222
222
222
225
225
225
225
225
225
230
230
230
230
230
232
232
232
232
232
235
235
235
235
235
235
230
230
230
230
230
223
223
223
223
223
234
234
234
234
234
234
224
224
224
224
224
232
232
232
232
232
230
230
230
230
230
230
230
230
230
230
230
222
222
222
222
222
228
228
228
228
228
228
224
224
224
224
224
229
229
229
229
229
235
235
235
235
235
235
230
230
230
230
230
240
240
240
240
240
225
225
225
225
225
225
229
229
229
229
229
235
235
235
235
235
232
232
232
232
232
232
228
228
228
228
228
235
235
235
235
235
234
234
234
234
234
234
236
236
236
236
236
233
233
233
233
233
227
227
227
227
227
227
241
241
241
241
241
235
235
235
235
235
245
245
245
245
245
245
234
234
234
234
234
245
245
245
245
245
228
228
228
228
228
228
245
245
245
245
245
239
239
239
239
239
236
236
236
236
236
236
240
240
240
240
240
231
231
231
231
231
236
236
236
236
236
236
234
234
234
234
234
227
227
227
227
227
225
225
225
225
225
225
227
227
227
227
227
234
234
234
234
234
232
232
232
232
232
232
234
234
234
234
234
228
228
228
228
228
230
230
230
230
230
230
226
226
226
226
226
231
231
231
231
231
237
237
237
237
237
237
233
233
233
233
233
231
231
231
231
231
234
234
234
234
234
234
228
228
228
228
228
226
226
226
226
226
229
229
229
229
229
229
210
210
210
210
210
221
221
221
221
221
234
234
234
234
234
234
235
235
235
235
235
231
231
231
231
231
233
233
233
233
233
233
233
233
233
233
233
233
233
233
233
233
233
233
233
233
233
233
228
228
228
228
228
227
227
227
227
227
230
230
230
230
230
230
240
240
240
240
240
232
232
232
232
232
237
237
237
237