215
223
223
223
223
223
222
222
222
222
222
218
218
218
218
218
218
219
219
219
219
219
218
218
218
218
218
213
213
213
213
213
213
210
210
210
210
210
217
217
217
217
217
213
213
213
213
213
213
223
223
223
223
223
218
218
218
218
218
220
220
220
220
220
220
216
216
216
216
216
216
216
216
216
216
221
221
221
221
221
221
215
215
215
215
215
214
214
214
214
214
218
218
218
218
218
218
219
219
219
219
219
218
218
218
218
218
225
225
225
225
225
225
224
224
224
224
224
214
214
214
214
214
219
219
219
219
219
219
216
216
216
216
216
230
230
230
230
230
215
215
215
215
215
215
231
231
231
231
231
221
221
221
221
221
223
223
223
223
223
223
217
217
217
217
217
221
221
221
221
221
221
221
221
221
221
221
217
217
217
217
217
219
219
219
219
219
218
218
218
218
218
218
222
222
222
222
222
222
222
222
222
222
222
222
222
222
222
222
221
221
221
221
221
218
218
218
218
218
214
214
214
214
214
214
221
221
221
221
221
219
219
219
219
219
219
219
219
219
219
219
223
223
223
223
223
215
215
215
215
215
225
225
225
225
225
225
213
213
213
213
213
221
221
221
221
221
221
221
221
221
221
221
220
220
220
220
220
220
220
220
220
220
213
213
213
213
213
213
219
219
219
219
219
213
213
213
213
213
222
222
222
222
222
222
224
224
224
224
224
223
223
223
223
223
222
222
222
222
222
222
213
213
213
213
213
219
219
219
219
219
212
212
212
212
212
212
224
224
224
224
224
215
215
215
215
215
216
216
216
216
216
216
226
226
226
226
226
220
220
220
220
220
214
214
214
214
214
214
224
224
224
224
224
225
225
225
225
225
215
215
215
215
215
215
214
214
214
214
214
218
218
218
218
218
217
217
217
217
217
217
227
227
227
227
227
227
227
227
227
227
219
219
219
219
219
219
224
224
224
224
224
217
217
217
217
217
226
226
226
226
226
226
222
222
222
222
222
218
218
218
218
218
227
227
227
227
227
227
227
227
227
227
227
216
216
216
216
216
219
219
219
219
219
219
217
217
217
217
217
218
218
218
218
218
226
226
226
226
226
226
222
222
222
222
222
228
228
228
228
228
223
223
223
223
223
223
217
217
217
217
217
213
213
213
213
213
224
224
224
224
224
224
223
223
223
223
223
222
222
222
222
222
225
225
225
225
225
225
226
226
226
226
226
227
227
227
227
227
228
228
228
228
228
228
224
224
224
224
224
227
227
227
227
227
216
216
216
216
216
216
221
221
221
221
221
209
209
209
209
209
222
222
222
222
222
222
222
222
222
222
222
224
224
224
224
224
227
227
227
227
227
227
227
227
227
227
227
215
215
215
215
215
238
238
238
238
238
238
225
225
225
225
225
217
217
217
217
217
225
225
225
225
225
225
227
227
227
227
227
220
220
220
220
220
227
227
227
227
227
227
229
229
229
229
229
217
217
217
217
217
221
221
221
221
221
221
227
227
227
227
227
221
221
221
221
221
232
232
232
232
232
232
227
227
227
227
227
223
223
223
223
223
226
226
226
226
226
226
229
229
229
229
229
223
223
223
223
223
225
225
225
225
225
225
221
221
221
221
221
219
219
219
219
219
227
227
227
227
227
227
224
224
224
224
224
219
219
219
219
219
225
225
225
225
225
225
230
230
230
230
230
225
225
225
225
225
229
229
229
229
229
229
227
227
227
227
227
221
221
221
221
221
219
219
219
219
219
219
221
221
221
221
221
226
226
226
226
226
232
232
232
232
232
232
231
231
231
231
231
221
221
221
221
221
223
223
223
223
223
223
225
225
225
225
225
227
227
227
227
227
217
217
217
217
217
217
226
226
226
226
226
226
226
226
226
226
225
225
225
225
225
225
241
241
241
241
241
221
221
221
221
221
231
231
231
231
231
231
230
230
230
230
230
229
229
229
229
229
226
226
226
226
226
226
232
232
232
232
232
229
229
229
229
229
225
225
225
225
225
225
224
224
224
224
224
228
228
228
228
228
237
237
237
237
237
237
227
227
227
227
227
225
225
225
225
225
235
235
235
235
235
235
233
233
233
233
233
234
234
234
234
234
233
233
233
233
233
233
231
231
231
231
231
229
229
229
229
229
231
231
231
231
231
231
232
232
232
232
232
228
228
228
228
228
226
226
226
226
226
226
230
230
230
230
230
226
226
226
226
226
230
230
230
230
230
230
241
241
241
241
241
227
227
227
227
227
230
230
230
230
230
230
227
227
227
227
227
229
229
229
229
229
239
239
239
239
239
239
231
231
231
231
231
233
233
233
233
233
232
232
232
232
232
232
234
234
234
234
234
228
228
228
228
228
227
227
227
227
227
227
230
230
230
230
230
231
231
231
231
231
233
233
233
233
233
233
230
230
230
230
230
227
227
227
227
227
228
228
228
228
228
228
236
236
236
236
236
233
233
233
233
233
234
234
234
234
234
234
234
234
234
234
234
236
236
236
236
236
233
233
233
233
233
233
232
232
232
232
232
241
241
241
241
241
237
237
237
237
237
237
232
232
232
232
232
233
233
233
233
233
234
234
234
234
234
234
239
239
239
239
239
238
238
238
238
238
232
232
232
232
232
232
231
231
231
231
231
230
230
230
230
230
236
236
236
236
236
236
238
238
238
238
238
229
229
229
229
229
231
231
231
231
231
231
243
243
243
243
243
239
239
239
239
239
234
234
234
234
234
234
240
240
240
240
240
239
239
239
239
239
231
231
231
231
231
231
241
241
241
241
241
252
252
252
252
252
244
244
244
244
244
244
237
237
237
237
237
241
241
241
241
241
244
244
244
244
244
244
240
240
240
240
240
251
251
251
251
251
241
241
241
241
241
241
252
252
252
252
252
248
248
248
248
248
242
242
242
242
242
242
238
238
238
238
238
256
256
256
256
256
251
251
251
251
251
251
250
250
250
250
250
264
264
264
264
264
253
253
253
253
253
253
267
267
267
267
267
242
242
242
242
242
265
265
265
265
265
265
251
251
251
251
251
248
248
248
248
248
243
243
243
243
243
243
262
262
262
262
262
272
272
272
272
272
260
260
260
260
260
260
275
275
275
275
275
254
254
254
254
254
265
265
265
265
265
265
264
264
264
264
264
261
261
261
261
261
269
269
269
269
269
269
254
254
254
254
254
269
269
269
269
269
266
266
266
266
266
266
272
272
272
272
272
273
273
273
273
273
273
273
273
273
273
273
290
290
290
290
290
286
286
286
286
286
279
279
279
279
279
279
282
282
282
282
282
283
283
283
283
283
283
283
283
283
283
283
294
294
294
294
294
295
295
295
295
295
293
293
293
293
293
293
315
315
315
315
315
300
300
300
300
300
299
299
299
299
299
299
333
333
333
333
333
319
319
319
319
319
332
332
332
332
332
332
330
330
330
330
330
350
350
350
350
350
330
330
330
330
330
330
354
354
354
354
354
348
348
348
348
348
364
364
364
364
364
364
353
353
353
353
353
341
341
341
341
341
366
366
366
366
366
366
365
365
365
365
365
381
381
381
381
381
355
355
355
355
355
355
347
347
347
347
347
384
384
384
384
384
348
348
348
348
348
348
376
376
376
376
376
377
377
377
377
377
371
371
371
371
371
371
400
400
400
400
400
426
426
426
426
426
426
426
426
426
426
426
383
383
383
383
383
375
375
375
375
375
317
317
317
317
317
317
314
314
314
314
314
262
262
262
262
262
258
258
258
258
258
258
247
247
247
247
247
248
248
248
248
248
243
243
243
243
243
243
259
259
259
259
259
289
289
289
289
289
287
287
287
287
287
287
303
303
303
303
303
321
321
321
321
321
334
334
334
334
334
334
304
304
304
304
304
283
283
283
283
283
254
254
254
254
254
254
243
243
243
243
243
229
229
229
229
229
208
208
208
208
208
208
202
202
202
202
202
200
200
200
200
200
200
200
200
200
200
200
187
187
187
187
187
188
188
188
188
188
180
180
180
180
180
180
185
185
185
185
185
179
179
179
179
179
185
185
185
185
185
185
192
192
192
192
192
212
212
212
212
212
283
283
283
283
283
283
1725
1725
1725
1725
1725
4095
4095
4095
4095
4095
4095
4095
4095
4095
4095
4095
4095
4095
4095
4095
4095
4095
4095
4095
4095
4095
4095
4095
4095
4095
4095
4095
4095
4095
4095
4095
4095
4095
4095
4095
4095
4095
3091
3091
3091
3091
3091
3091
975
975
975
975
975
230
230
230
230
230
188
188
188
188
188
188
182
182
182
182
182
175
175
175
175
175
175
175
175
175
175
175
174
174
174
174
174
178
178
178
178
178
182
182
182
182
182
182
181
181
181
181
181
194
194
194
194
194
210
210
210
210
210
210
222
222
222
222
222
255
255
255
255
255
291
291
291
291
291
291
301
301
301
301
301
291
291
291
291
291
248
248
248
248
248
248
245
245
245
245
245
226
226
226
226
226
213
213
213
213
213
213
201
201
201
201
201
198
198
198
198
198
192
192
192
192
192
192
195
195
195
195
195
197
197
197
197
197
198
198
198
198
198
198
207
207
207
207
207
203
203
203
203
203
208
208
208
208
208
208
227
227
227
227
227
228
228
228
228
228
231
231
231
231
231
231
238
238
238
238
238
242
242
242
242
242
244
244
244
244
244
244
229
229
229
229
229
216
216
216
216
216
222
222
222
222
222
222
222
222
222
222
222
215
215
215
215
215
217
217
217
217
217
217
217
217
217
217
217
226
226
226
226
226
241
241
241
241
241
241
234
234
234
234
234
261
261
261
261
261
245
245
245
245
245
245
262
262
262
262
262
238
238
238
238
238
242
242
242
242
242
242
224
224
224
224
224
219
219
219
219
219
221
221
221
221
221
221
210
210
210
210
210
215
215
215
215
215
217
217
217
217
217
217
220
220
220
220
220
225
225
225
225
225
223
223
223
223
223
223
244
244
244
244
244
277
277
277
277
277
282
282
282
282
282
282
296
296
296
296
296
319
319
319
319
319
309
309
309
309
309
309
300
300
300
300
300
296
296
296
296
296
291
291
291
291
291
291
271
271
271
271
271
244
244
244
244
244
237
237
237
237
237
237
231
231
231
231
231
229
229
229
229
229
232
232
232
232
232
232
209
209
209
209
209
207
207
207
207
207
206
206
206
206
206
206
208
208
208
208
208
205
205
205
205
205
202
202
202
202
202
202
198
198
198
198
198
189
189
189
189
189
197
197
197
197
197
197
194
194
194
194
194
188
188
188
188
188
188
188
188
188
188
188
185
185
185
185
185
186
186
186
186
186
182
182
182
182
182
182
184
184
184
184
184
176
176
176
176
176
185
185
185
185
185
185
184
184
184
184
184
183
183
183
183
183
188
188
188
188
188
188
194
194
194
194
194
194
194
194
194
194
194
194
194
194
194
194
191
191
191
191
191
193
193
193
193
193
196
196
196
196
196
196
191
191
191
191
191
189
189
189
189
189
188
188
188
188
188
188
184
184
184
184
184
185
185
185
185
185
184
184
184
184
184
184
181
181
181
181
181
184
184
184
184
184
181
181
181
181
181
181
184
184
184
184
184
183
183
183
183
183
186
186
186
186
186
186
190
190
190
190
190
190
190
190
190
190
193
193
193
193
193
193
192
192
192
192
192
191
191
191
191
191
196
196
196
196
196
196
195
195
195
195
195
199
199
199
199
199
199
199
199
199
199
199
191
191
191
191
191
192
192
192
192
192
194
194
194
194
194
194
187
187
187
187
187
191
191
191
191
191
189
189
189
189
189
189
188
188
188
188
188
185
185
185
185
185
183
183
183
183
183
183
180
180
180
180
180
177
177
177
177
177
177
177
177
177
177
177
176
176
176
176
176
178
178
178
178
178
179
179
179
179
179
179
178
178
178
178
178
181
181
181
181
181
177
177
177
177
177
177
182
182
182
182
182
177
177
177
177
177
181
181
181
181
181
181
179
179
179
179
179
182
182
182
182
182
181
181
181
181
181
181
180
180
180
180
180
180
180
180
180
180
179
179
179
179
179
179
181
181
181
181
181
182
182
182
182
182
182
182
182
182
182
182
185
185
185
185
185
186
186
186
186
186
185
185
185
185
185
185
193
193
193
193
193
188
188
188
188
188
189
189
189
189
189
189
184
184
184
184
184
191
191
191
191
191
193
193
193
193
193
193
192
192
192
192
192
196
196
196
196
196
192
192
192
192
192
192
194
194
194
194
194
190
190
190
190
190
186
186
186
186
186
186
194
194
194
194
194
186
186
186
186
186
192
192
192
192
192
192
190
190
190
190
190
194
194
194
194
194
190
190
190
190
190
190
195
195
195
195
195
197
197
197
197
197
195
195
195
195
195
195
189
189
189
189
189
191
191
191
191
191
194
194
194
194
194
194
189
189
189
189
189
193
193
193
193
193
192
192
192
192
192
192
192
192
192
192
192
198
198
198
198
198
203
203
203
203
203
203
202
202
202
202
202
208
208
208
208
208
196
196
196
196
196
196
203
203
203
203
203
203
203
203
203
203
200
200
200
200
200
200
192
192
192
192
192
192
192
192
192
192
200
200
200
200
200
200
198
198
198
198
198
200
200
200
200
200
197
197
197
197
197
197
201
201
201
201
201
208
208
208
208
208
215
215
215
215
215
215
214
214
214
214
214
211
211
211
211
211
214
214
214
214
214
214
218
218
218
218
218
213
213
213
213
213
217
217
217
217
217
217
222
222
222
222
222
219
219
219
219
219
217
217
217
217
217
217
220
220
220
220
220
217
217
217
217
217
220
220
220
220
220
220
215
215
215
215
215
221
221
221
221
221
211
211
211
211
211
211
220
220
220
220
220
215
215
215
215
215
211
211
211
211
211
211
213
213
213
213
213
224
224
224
224
224
220
220
220
220
220
220
225
225
225
225
225
216
216
216
216
216
227
227
227
227
227
227
228
228
228
228
228
225
225
225
225
225
222
222
222
222
222
222
219
219
219
219
219
219
219
219
219
219
212
212
212
212
212
212
211
211
211
211
211
202
202
202
202
202
208
208
208
208
208
208
205
205
205
205
205
213
213
213
213
213
209
209
209
209
209
209
214
214
214
214
214
217
217
217
217
217
219
219
219
219
219
219
221
221
221
221
221
225
225
225
225
225
225
225
225
225
225
225
219
219
219
219
219
225
225
225
225
225
223
223
223
223
223
223
218
218
218
218
218
217
217
217
217
217
218
218
218
218
218
218
217
217
217
217
217
218
218
218
218
218
219
219
219
219
219
219
215
215
215
215
215
210
210
210
210
210
214
214
214
214
214
214
207
207
207
207
207
212
212
212
212
212
216
216
216
216
216
216
207
207
207
207
207
210
210
210
210
210
212
212
212
212
212
212
210
210
210
210
210
213
213
213
213
213
208
208
208
208
208
208
204
204
204
204
204
207
207
207
207
207
214
214
214
214
214
214
212
212
212
212
212
212
212
212
212
212
214
214
214
214
214
214
213
213
213
213
213
212
212
212
212
212
214
214
214
214
214
214
215
215
215
215
215
212
212
212
212
212
211
211
211
211
211
211
210
210
210
210
210
205
205
205
205
205
200
200
200
200
200
200
204
204
204
204
204
209
209
209
209
209
212
212
212
212
212
212
208
208
208
208
208
210
210
210
210
210
211
211
211
211
211
211
205
205
205
205
205
205
205
205
205
205
206
206
206
206
206
206
205
205
205
205
205
209
209
209
209
209
207
207
207
207
207
207
203
203
203
203
203
209
209
209
209
209
210
210
210
210
210
210
206
206
206
206
206
207
207
207
207
207
203
203
203
203
203
203
199
199
199
199
199
210
210
210
210
210
204
204
204
204
204
204
213
213
213
213
213
205
205
205
205
205
207
207
207
207
207
207
211
211
211
211
211
220
220
220
220
220
217
217
217
217
217
217
210
210
210
210
210
218
218
218
218
218
211
211
211
211
211
211
211
211
211
211
211
212
212
212
212
212
216
216
216
216
216
216
203
203
203
203
203
209
209
209
209
209
214
214
214
214
214
214
205
205
205
205
205
205
205
205
205
205
202
202
202
202
202
202
205
205
205
205
205
200
200
200
200
200
211
211
211
211
211
211
207
207
207
207
207
200
200
200
200
200
205
205
205
205
205
205
208
208
208
208
208
199
199
199
199
199
211
211
211
211
211
211
204
204
204
204
204
216
216
216
216
216
206
206
206
206
206
206
206
206
206
206
206
208
208
208
208
208
212
212
212
212
212
212
205
205
205
205
205
214
214
214
214
214
226
226
226
226
226
226
227
227
227
227
227
219
219
219
219
219
231
231
231
231
231
231
233
233
233
233
233
239
239
239
239
239
224
224
224
224
224
224
237
237
237
237
237
231
231
231
231
231
232
232
232
232
232
232
236
236
236
236
236
234
234
234
234
234
234
234
234
234
234
234
240
240
240
240
240
239
239
239
239
239
251
251
251
251
251
251
241
241
241
241
241
249
249
249
249
249
247
247
247
247
247
247
249
249
249
249
249
259
259
259
259
259
256
256
256
256
256
256
262
262
262
262
262
259
259
259
259
259
262
262
262
262
262
262
254
254
254
254
254
257
257
257
257
257
267
267
267
267
267
267
251
251
251
251
251
284
284
284
284
284
260
260
260
260
260
260
257
257
257
257
257
258
258
258
258
258
256
256
256
256
256
256
272
272
272
272
272
255
255
255
255
255
286
286
286
286
286
286
270
270
270
270
270
267
267
267
267
267
256
256
256
256
256
256
271
271
271
271
271
262
262
262
262
262
270
270
270
270
270
270
271
271
271
271
271
272
272
272
272
272
259
259
259
259
259
259
256
256
256
256
256
263
263
263
263
263
260
260
260
260
260
260
245
245
245
245
245
260
260
260
260
260
252
252
252
252
252
252
252
252
252
252
252
249
249
249
249
249
253
253
253
253
253
253
261
261
261
261
261
247
247
247
247
247
257
257
257
257
257
257
256
256
256
256
256
256
256
256
256
256
263
263
263
263
263
263
270
270
270
270
270
286
286
286
286
286
288
288
288
288
288
288
280
280
280
280
280
272
272
272
272
272
282
282
282
282
282
282
277
277
277
277
277
267
267
267
267
267
270
270
270
270
270
270
261
261
261
261
261
251
251
251
251
251
258
258
258
258
258
258
264
264
264
264
264
253
253
253
253
253
267
267
267
267
267
267
264
264
264
264
264
260
260
260
260
260
288
288
288
288
288
288
271
271
271
271
271
274
274
274
274
274
285
285
285
285
285
285
272
272
272
272
272
273
273
273
273
273
257
257
257
257
257
257
262
262
262
262
262
263
263
263
263
263
263
263
263
263
263
263
262
262
262
262
262
265
265
265
265
265
273
273
273
273
273
273
267
267
267
267
267
267
267
267
267
267
264
264
264
264
264
264
262
262
262
262
262
258
258
258
258
258
253
253
253
253
253
253
256
256
256
256
256
257
257
257
257
257
238
238
238
238
238
238
245
245
245
245
245
256
256
256
256
256
245
245
245
245
245
245
244
244
244
244
244
234
234
234
234
234
246
246
246
246
246
246
235
235
235
235
235
235
235
235
235
235
235
235
235
235
235
235
238
238
238
238
238
232
232
232
232
232
235
235
235
235
235
235
223
223
223
223
223
233
233
233
233
233
224
224
224
224
224
224
233
233
233
233
233
233
233
233
233
233
240
240
240
240
240
240
232
232
232
232
232
242
242
242
242
242
232
232
232
232
232
232
235
235
235
235
235
233
233
233
233
233
218
218
218
218
218
218
233
233
233
233
233
220
220
220
220
220
231
231
231
231
231
231
230
230
230
230
230
240
240
240
240
240
229
229
229
229
229
229
231
231
231
231
231
235
235
235
235
235
234
234
234
234
234
234
242
242
242
242
242
231
231
231
231
231
238
238
238
238
238
238
228
228
228
228
228
232
232
232
232
232
232
232
232
232
232
232
244
244
244
244
244
241
241
241
241
241
245
245
245
245
245
245
243
243
243
243
243
244
244
244
244
244
250
250
250
250
250
250
240
240
240
240
240
254
254
254
254
254
250
250
250
250
250
250
255
255
255
255
255
254
254
254
254
254
248
248
248
248
248
248
254
254
254
254
254
250
250
250
250
250
249
249
249
249
249
249
264
264
264
264
264
238
238
238
238
238
247
247
247
247
247
247
260
260
260
260
260
254
254
254
254
254
250
250
250
250
250
250
248
248
248
248
248
242
242
242
242
242
247
247
247
247
247
247
262
262
262
262
262
252
252
252
252
252
259
259
259
259
259
259
260
260
260
260
260
263
263
263
263
263
261
261
261
261
261
261
257
257
257
257
257
266
266
266
266
266
261
261
261
261
261
261
259
259
259
259
259
273
273
273
273
273
268
268
268
268
268
268
277
277
277
277
277
270
270
270
270
270
272
272
272
272
272
272
285
285
285
285
285
287
287
287
287
287
263
263
263
263
263
263
280
280
280
280
280
274
274
274
274
274
279
279
279
279
279
279
273
273
273
273
273
280
280
280
280
280
275
275
275
275
275
275
286
286
286
286
286
295
295
295
295
295
288
288
288
288
288
288
292
292
292
292
292
306
306
306
306
306
301
301
301
301
301
301
318
318
318
318
318
312
312
312
312
312
315
315
315
315
315
315
320
320
320
320
320
320
320
320
320
320
327
327
327
327
327
327
329
329
329
329
329
319
319
319
319
319
349
349
349
349
349
349
359
359
359
359
359
370
370
370
370
370
381
381
381
381
381
381
396
396
396
396
396
409
409
409
409
409
432
432
432
432
432
432
404
404
404
404
404
432
432
432
432
432
455
455
455
455
455
455
441
441
441
441
441
428
428
428
428
428
460
460
460
460
460
460
487
487
487
487
487
500
500
500
500
500
516
516
516
516
516
516
530
530
530
530
530
558
558
558
558
558
544
544
544
544
544
544
542
542
542
542
542
572
572
572
572
572
584
584
584
584
584
584
605
605
605
605
605
643
643
643
643
643
678
678
678
678
678
678
740
740
740
740
740
809
809
809
809
809
847
847
847
847
847
847
911
911
911
911
911
944
944
944
944
944
996
996
996
996
996
996
1022
1022
1022
1022
1022
1034
1034
1034
1034
1034
1058
1058
1058
1058
1058
1058
1082
1082
1082
1082
1082
1091
1091
1091
1091
1091
1106
1106
1106
1106
1106
1106
1156
1156
1156
1156
1156
1174
1174
1174
1174
1174
1268
1268
1268
1268
1268
1268
1269
1269
1269
1269
1269
1321
1321
1321
1321
1321
1350
1350
1350
1350
1350
1350
1367
1367
1367
1367
1367
1392
1392
1392
1392
1392
1384
1384
1384
1384
1384
1384
1395
1395
1395
1395
1395
1391
1391
1391
1391
1391
1385
1385
1385
1385
1385
1385
1400
1400
1400
1400
1400
1457
1457
1457
1457
1457
1478
1478
1478
1478
1478
1478
1510
1510
1510
1510
1510
1568
1568
1568
1568
1568
1571
1571
1571
1571
1571
1571
1632
1632
1632
1632
1632
1620